0.170708047147859
0.923379642103244
0.979748378356085
0.227664297816554
0.430207391329584
0.438869973126103
0.435698684103899
0.184816320124136
0.111119223440599
0.311102286650413
0.904880968679893
0.258064695912067
0.408719846112552
0.711215780433683
0.318778301925882
0.594896074008614
0.22174673401724
0.424166759713807
0.262211747780845
0.117417650855806
0.507858284661118
0.602843089382083
0.296675873218327
0.085515797090044
0.262482234698333
0.730330862855453
0.458848828179931
0.801014622769739
0.488608973803579
0.963088539286913
0.0292202775621463
0.578525061023439
0.546805718738968
0.928854139478045
0.237283579771521
0.521135830804001
0.231594386708524
0.395515215668593
0.885168008202475
0.488897743920167
0.367436648544477
0.913286827639239
0.62406008817369
0.987982003161633
0.796183873585212
0.679135540865748
0.0377388662395521
0.0987122786555743
0.261871183870716
0.72122749858174
0.779051723231275
0.335356839962797
0.106761861607241
0.715037078400694
0.679727951377338
0.65375734866856
0.903720560556316
0.13655313735537
0.49417393663927
0.890922504330789
0.334163052737496
0.744074260367462
0.609866648422558
0.698745832334794
0.500022435590201
0.617666389588455
0.197809826685929
0.47992214114606
0.859442305646212
0.0305409463046367
0.904722238067363
0.805489424529686
0.576721515614685
0.0286741524641061
0.712694471678914
0.182922469414914
0.489901388512224
0.500471624154843
0.239932010568717
0.167927145682257
0.471088374541939
0.886511933076101
0.978680649641159
0.0596188675796392
0.681971904149063
0.096730025780867
0.149865442477967
0.0424311375007417
0.818148553859625
0.659605252908307
0.0714454646006424
0.817547092079286
0.518594942510538
0.521649842464284
0.722439592366842
0.972974554763863
0.648991492712356
0.825313795402046
0.390937802323736
0.800330575352401
0.083469814858914
0.83137974283907
0.453797708726919
0.133171007607162
0.80336439160244
0.432391503783462
0.173388613119006
0.0604711791698936
0.399257770613576
0.627973359190104
0.984063724379154
0.526875830508296
0.291984079961715
0.167168409914656
0.416799467930787
0.43165117024872
0.106216344928664
0.656859890973707
0.015487125636019
0.372409740055537
0.198118402542975
0.920332039836564
0.422835615008808
0.489687638016024
0.0526769976807926
0.547870901214845
0.339493413390758
0.737858095516997
0.942736984276934
0.951630464777727
0.269119426398556
0.417744104316662
