0.57970458736557
0.622055131485066
0.0759666916908419
0.239952525664903
0.549860201836332
0.350952380892271
0.239916153553658
0.41726706908437
0.144954798223727
0.513249539867053
0.123318934835166
0.0496544303257421
0.853031117721894
0.401808033751942
0.183907788282417
0.902716109915281
0.944787189721646
0.900053846417662
0.389738836961253
0.131973292606335
0.49086409246808
0.369246781120215
0.241691285913833
0.942050590775485
0.489252638400019
0.111202755293787
0.403912145588115
0.956134540229802
0.337719409821377
0.780252068321138
0.0964545251683886
0.575208595078466
0.0597795429471558
0.0154034376515551
0.73172238565867
0.296320805607773
0.234779913372406
0.0430238016578078
0.647745963136307
0.744692807074156
0.353158571222071
0.168990029462704
0.450923706430945
0.188955015032545
0.821194040197959
0.649115474956452
0.547008892286345
0.686775433365315
0.18351115573727
0.0811257688657853
0.435858588580919
0.51077156417211
0.368484596490336
0.92938597096873
0.446783749429806
0.817627708322262
0.62561856072969
0.775712678608402
0.306349472016557
0.794831416883453
0.780227435151377
0.486791632403172
0.508508655381127
0.644318130193692
0.378609382660268
0.939001561999887
0.587044704531417
0.230488160211558
0.811580458282477
0.875942811492984
0.207742292733028
0.844308792695389
0.532825588799455
0.550156342898422
0.301246330279491
0.194764289567049
0.350727103576883
0.622475086001227
0.470923348517591
0.225921780972399
