0.0975404049994095
0.964888535199277
0.485375648722841
0.278498218867048
0.157613081677548
0.8002804688888
0.546881519204984
0.970592781760616
0.141886338627215
0.957506835434298
0.957166948242946
0.421761282626275
0.915735525189067
0.0357116785741896
0.757740130578333
0.792207329559554
0.849129305868777
0.743132468124916
0.959492426392903
0.933993247757551
0.392227019534168
0.655740699156587
0.678735154857773
0.655477890177557
0.171186687811562
0.0461713906311539
0.317099480060861
0.706046088019609
0.0971317812358475
0.950222048838355
0.0318328463774207
0.823457828327293
0.0344460805029088
0.27692298496089
0.694828622975817
0.438744359656398
0.381558457093008
0.489764395788231
0.754686681982361
0.765516788149002
0.445586200710899
0.276025076998578
0.795199901137063
0.646313010111265
0.679702676853675
0.186872604554379
0.709364830858073
0.655098003973841
0.162611735194631
0.340385726666133
0.255095115459269
0.118997681558377
0.585267750979777
0.505957051665142
0.498364051982143
0.223811939491137
0.699076722656686
0.959743958516081
0.751267059305653
0.890903252535798
0.959291425205444
0.257508254123736
0.243524968724989
0.547215529963803
0.840717255983663
0.929263623187228
0.138624442828679
0.254282178971531
0.349983765984809
0.149294005559057
0.814284826068816
0.196595250431208
0.251083857976031
0.830828627896291
0.285839018820374
0.616044676146639
0.585264091152724
0.757200229110721
0.473288848902729
0.54972360829114
0.753729094278495
0.351659507062997
0.91719366382981
0.380445846975357
0.567821640725221
0.779167230102011
0.469390641058206
0.0758542895630636
0.934010684229183
0.0119020695012414
0.0539501186666071
0.12990620847373
0.337122644398882
0.530797553008973
0.568823660872193
0.162182308193243
0.794284540683907
0.601981941401637
0.748151592823709
0.311215042044805
0.262971284540144
0.450541598502498
0.528533135506213
0.654079098476782
0.0838213779969326
0.165648729499781
0.689214503140008
0.228976968716819
0.91333736150167
0.996134716626885
0.961898080855054
0.152378018969223
0.0781755287531837
0.00463422413406744
0.825816977489547
0.442678269775446
0.774910464711502
0.538342435260057
0.106652770180584
0.817303220653433
0.86869470536351
0.800068480224308
0.26380291652199
0.0844358455109103
0.431413827463545
0.145538980384717
0.399782649098896
0.910647594429523
0.136068558708664
0.259870402850654
0.181847028302852
0.869292207640089
