0.000000e+00
0.000000e+00
0.000000e+00
1.094200e-02
-1.094200e-02
5.796420e-01
1.094200e-02
0.000000e+00
-1.746380e+00
0.000000e+00
0.000000e+00
-5.321290e-06
0.000000e+00
0.000000e+00
0.000000e+00
5.903190e-03
-5.903190e-03
3.074470e-01
5.903190e-03
0.000000e+00
-9.519060e-01
0.000000e+00
0.000000e+00
-4.313300e-06
0.000000e+00
0.000000e+00
0.000000e+00
9.701970e-02
-7.251980e-02
0.000000e+00
9.701970e-02
-2.815430e-02
-9.701970e+00
0.000000e+00
-3.405430e-08
0.000000e+00
0.000000e+00
0.000000e+00
0.000000e+00
9.702730e-02
-7.263370e-02
0.000000e+00
9.702730e-02
-2.846310e-02
-9.702730e+00
0.000000e+00
-3.405500e-08
0.000000e+00
0.000000e+00
0.000000e+00
0.000000e+00
0.000000e+00
0.000000e+00
0.000000e+00
0.000000e+00
0.000000e+00
0.000000e+00
0.000000e+00
-3.396510e-08
0.000000e+00
0.000000e+00
0.000000e+00
0.000000e+00
0.000000e+00
0.000000e+00
0.000000e+00
0.000000e+00
0.000000e+00
0.000000e+00
0.000000e+00
-3.396190e-08
0.000000e+00
0.000000e+00
0.000000e+00
0.000000e+00
0.000000e+00
0.000000e+00
0.000000e+00
0.000000e+00
0.000000e+00
0.000000e+00
0.000000e+00
-2.913160e-08
0.000000e+00
