-1.002620e-12
-4.833660e-04
1.113240e-27
1.014080e-13
1.986050e-03
-5.162320e-17
-1.315240e-10
1.182340e-01
-3.689530e-09
-3.393370e-11
2.106380e-01
8.104410e-09
6.560510e-10
-3.065770e-01
3.811650e-22
0.000000e+00
-1.299130e-01
0.000000e+00
2.320980e-10
-3.109380e+00
5.583470e-25
-8.469910e-10
1.136570e+01
-1.273030e-13
1.463510e-07
-9.829380e+02
5.325140e-05
-1.322810e-07
7.226240e+02
-5.469320e-06
5.199540e-06
-1.079740e+03
-7.806260e-19
0.000000e+00
7.955320e+02
0.000000e+00
-3.028560e-10
2.765870e+00
9.305780e-25
-3.415540e-09
2.921870e-01
-3.563810e-15
1.231550e-07
-8.506720e+02
4.794090e-05
-4.572790e-08
3.328620e+02
-4.022710e-06
3.852110e-06
3.102830e+01
-2.146720e-18
0.000000e+00
8.944890e+02
0.000000e+00
1.817920e-13
-1.627810e-03
1.817540e-28
-1.402080e-13
1.657450e-03
-3.760260e-17
-3.056270e-10
-7.812550e-02
-2.214840e-09
-6.424680e-11
3.949770e-01
4.924590e-09
1.177340e-09
-3.570570e-01
9.529120e-23
0.000000e+00
-8.202350e-02
0.000000e+00
-1.368030e-13
-7.423270e-04
-6.168610e-12
-7.932700e-13
5.723140e-03
1.913670e-11
-2.155680e-12
1.210850e-02
-1.084780e-10
4.138360e-13
-5.932550e-03
-1.468360e-10
-4.637320e-12
9.657650e-04
7.444630e-25
0.000000e+00
-5.342790e-03
0.000000e+00
1.418600e-13
-2.295660e-03
7.829250e-12
-2.209890e-12
2.727430e-03
-5.366290e-12
-3.177650e-12
1.038380e-02
-1.820740e-10
-2.793240e-12
-2.920230e-03
-1.450640e-10
1.524050e-12
-2.748170e-04
-1.023640e-24
0.000000e+00
-3.750250e-03
0.000000e+00
-3.106400e-07
2.457270e+03
-8.424880e-03
9.905630e-07
-9.061670e+03
2.799220e-05
-1.276000e-06
7.432230e+03
-7.475000e-05
-1.163200e-05
9.387900e+04
-9.861790e-04
-3.255560e-04
-1.009700e+05
-1.639310e-17
0.000000e+00
2.623400e+05
0.000000e+00
-9.233870e-13
1.725090e-03
-1.575130e-11
-2.492080e-12
3.300430e-03
-1.685570e-10
-1.455720e-12
8.423610e-03
-1.832220e-10
-1.967170e-12
-6.445940e-04
-1.117420e-10
-4.284340e-13
-8.567800e-05
1.017820e-24
0.000000e+00
-5.128520e-03
0.000000e+00
-1.375590e-13
-3.693620e-04
-2.431190e-17
7.788430e-11
2.110470e-03
7.022660e-18
2.047650e-10
-4.984640e-01
-4.255100e-09
-9.169500e-10
1.896350e-01
-1.429370e-21
0.000000e+00
-2.695400e-02
0.000000e+00
0.000000e+00
-1.302400e-01
0.000000e+00
4.864040e-10
-3.269810e+00
2.588100e-14
7.843230e-08
1.138490e+01
-1.062620e-13
1.430990e-07
-1.065460e+03
1.988890e-05
-5.567030e-07
7.490910e+02
-6.479190e-17
0.000000e+00
2.480910e+02
0.000000e+00
0.000000e+00
7.977390e+02
0.000000e+00
-1.951450e-10
2.812330e+00
-8.598760e-15
2.871500e-09
2.935700e-01
-2.429890e-15
1.387080e-07
-9.070770e+02
9.611090e-06
2.941500e-07
3.413550e+02
-2.546790e-17
0.000000e+00
4.195900e+02
0.000000e+00
0.000000e+00
8.968220e+02
0.000000e+00
3.151560e-13
-1.531280e-03
-9.242880e-18
6.514680e-11
1.788380e-03
9.153290e-18
4.206050e-10
-6.977010e-01
-3.151410e-09
-7.233070e-10
3.857370e-01
-6.670380e-21
0.000000e+00
-3.442990e-02
0.000000e+00
0.000000e+00
-8.220980e-02
0.000000e+00
5.051040e-13
-3.210620e-03
-3.362570e-10
-8.048810e-13
3.200990e-03
-2.608420e-10
-1.287020e-12
9.478020e-03
-1.580450e-10
1.704030e-11
-8.417910e-03
-3.454310e-22
0.000000e+00
2.559400e-04
0.000000e+00
0.000000e+00
-5.354920e-03
0.000000e+00
5.328730e-13
-4.733900e-03
-2.690980e-10
-2.414280e-12
2.085790e-04
-3.347480e-10
8.974110e-13
7.741190e-03
-7.843520e-11
8.862970e-12
-5.562040e-03
1.494880e-21
0.000000e+00
-2.556390e-05
0.000000e+00
0.000000e+00
-3.758030e-03
0.000000e+00
-4.012140e-07
2.719160e+03
-8.285240e-03
1.463300e-06
-9.281270e+03
-1.388760e-05
-8.481150e-07
6.686970e+03
-1.507720e-04
4.312550e-04
1.021780e+05
-8.743010e-17
0.000000e+00
-1.939850e+05
0.000000e+00
0.000000e+00
2.630080e+05
0.000000e+00
5.393750e-13
-6.622560e-04
-3.366370e-10
9.531310e-13
1.064080e-03
-5.645900e-10
-1.682620e-12
5.870000e-03
-1.774250e-10
3.769480e-12
-3.193960e-03
-8.300760e-22
0.000000e+00
-9.193860e-05
0.000000e+00
0.000000e+00
-5.139630e-03
0.000000e+00
2.254610e-11
-2.810420e-04
1.191580e-17
-3.949470e-11
1.430250e-01
-1.316720e-09
8.852100e-10
-5.008910e-01
-1.845760e-09
8.191070e-12
1.471540e-02
-1.028800e-23
0.000000e+00
-2.391210e-02
0.000000e+00
0.000000e+00
-1.296250e-01
0.000000e+00
4.406550e-08
-3.452150e+00
5.383730e-14
-1.411150e-07
1.623100e+02
-1.288700e-06
1.746720e-06
-1.142970e+03
-3.309700e-06
2.382530e-07
5.519960e+02
-2.807400e-19
0.000000e+00
2.589990e+02
0.000000e+00
0.000000e+00
7.947660e+02
0.000000e+00
1.666550e-08
2.862470e+00
-2.349510e-14
-1.942490e-08
9.522970e+01
-2.321070e-07
1.091870e-06
-9.471550e+02
-4.138670e-06
2.159420e-07
5.656140e+02
4.112720e-19
0.000000e+00
4.277970e+02
0.000000e+00
0.000000e+00
8.940620e+02
0.000000e+00
7.717760e-11
-1.453030e-03
4.656470e-17
-1.321480e-10
2.006390e-01
-1.964170e-09
7.916000e-10
-7.174220e-01
-3.849470e-09
1.075570e-12
2.059120e-03
1.746590e-23
0.000000e+00
-3.042550e-02
0.000000e+00
0.000000e+00
-8.187240e-02
0.000000e+00
-7.260670e-13
-4.868920e-03
-3.364240e-10
-7.345090e-12
-2.386390e-04
-1.002890e-10
-1.322370e-11
7.610190e-03
1.202820e-12
-1.948350e-12
-4.741060e-03
2.611900e-25
0.000000e+00
3.108180e-04
0.000000e+00
0.000000e+00
-5.321610e-03
0.000000e+00
-2.373840e-12
-6.358340e-03
-3.752920e-10
2.247270e-13
-3.254980e-03
-9.082210e-11
-1.472150e-11
5.620810e-03
-8.128580e-12
-1.279500e-12
-2.496810e-03
-4.502180e-25
0.000000e+00
2.466360e-05
0.000000e+00
0.000000e+00
-3.735020e-03
0.000000e+00
-6.161980e-07
2.941830e+03
2.625930e-05
2.803690e-06
-9.536440e+03
-6.350910e-05
6.850210e-05
6.327900e+03
-6.267270e-05
5.697280e-05
1.772720e+05
2.868550e-19
0.000000e+00
-2.011450e+05
0.000000e+00
0.000000e+00
2.562530e+05
0.000000e+00
-6.545490e-12
-1.936610e-03
-5.555290e-10
2.383950e-12
-1.975160e-03
-1.112110e-10
-8.935220e-12
3.894460e-03
-2.834920e-12
-1.105170e-12
-3.072220e-03
1.916830e-25
0.000000e+00
-3.294270e-05
0.000000e+00
0.000000e+00
-5.109010e-03
0.000000e+00
-2.494010e-11
2.273510e-02
-3.698940e-10
-5.691040e-11
1.468810e-01
1.118400e-10
-2.054530e-10
-4.111550e-01
-8.576210e-22
0.000000e+00
1.132230e-02
0.000000e+00
0.000000e+00
-2.115010e-02
0.000000e+00
0.000000e+00
-1.282340e-01
0.000000e+00
-4.916260e-08
3.993950e+01
-6.798040e-07
-5.366040e-08
1.783320e+02
5.988890e-08
-5.403590e-08
-6.504120e+02
-2.634610e-18
0.000000e+00
5.554850e+02
0.000000e+00
0.000000e+00
2.702690e+02
0.000000e+00
0.000000e+00
7.875490e+02
0.000000e+00
-2.033620e-08
2.294450e+01
-3.512310e-07
-4.797100e-08
1.103110e+02
7.084250e-08
3.020520e-07
-5.262380e+02
8.196570e-18
0.000000e+00
5.708950e+02
0.000000e+00
0.000000e+00
4.346620e+02
0.000000e+00
0.000000e+00
8.871490e+02
0.000000e+00
-8.367180e-11
5.103290e-02
-9.629360e-10
-4.844350e-11
2.034820e-01
1.864010e-10
2.259020e-11
-5.648930e-01
-1.905820e-22
0.000000e+00
-4.103660e-04
0.000000e+00
0.000000e+00
-2.783860e-02
0.000000e+00
0.000000e+00
-8.112710e-02
0.000000e+00
4.029770e-12
-9.375330e-03
-2.631530e-11
1.052480e-11
-2.916180e-03
-3.997390e-13
4.904160e-12
4.235630e-03
8.002970e-24
0.000000e+00
-4.749840e-03
0.000000e+00
0.000000e+00
2.782540e-04
0.000000e+00
0.000000e+00
-5.252190e-03
0.000000e+00
6.991370e-12
-1.066750e-02
-1.789180e-11
7.793020e-12
-5.853350e-03
-1.220770e-12
8.528340e-12
3.634610e-03
-6.960720e-23
0.000000e+00
-2.517240e-03
0.000000e+00
0.000000e+00
2.014610e-05
0.000000e+00
0.000000e+00
-3.687370e-03
0.000000e+00
-9.148830e-07
2.986800e+03
2.883480e-05
2.905910e-06
-9.352270e+03
-2.153010e-06
4.443910e-05
1.294230e+04
-1.777450e-17
0.000000e+00
1.834380e+05
0.000000e+00
0.000000e+00
-2.020720e+05
0.000000e+00
0.000000e+00
2.468970e+05
0.000000e+00
9.424760e-12
-6.431100e-03
-1.357010e-11
2.366410e-12
-4.504090e-03
-4.057290e-13
3.457090e-12
1.737160e-03
1.139960e-23
0.000000e+00
-3.111110e-03
0.000000e+00
0.000000e+00
-4.479990e-05
0.000000e+00
0.000000e+00
-5.045180e-03
0.000000e+00
1.036500e-10
-7.327760e-01
1.197260e-08
-8.803430e-10
5.920780e-01
-9.988390e-09
-1.735320e-09
6.507950e-01
2.858740e-22
0.000000e+00
8.552560e-02
0.000000e+00
0.000000e+00
-1.714440e-01
0.000000e+00
0.000000e+00
2.417630e-02
0.000000e+00
-6.743120e-10
4.564430e+00
-6.860910e-08
9.517080e-10
-6.404800e+00
-1.870280e-08
-8.138250e-09
5.026680e+00
3.049320e-21
0.000000e+00
-2.095860e+00
0.000000e+00
0.000000e+00
1.562220e+00
0.000000e+00
0.000000e+00
1.274710e-01
0.000000e+00
5.452760e-11
-6.814000e-01
9.728240e-09
-3.018960e-10
8.841740e-01
-5.632190e-09
-9.186750e-10
5.404680e-01
5.717470e-22
0.000000e+00
1.470360e-01
0.000000e+00
0.000000e+00
-1.772230e-01
0.000000e+00
0.000000e+00
-1.318010e-02
0.000000e+00
1.000170e-10
-8.109070e-01
1.241530e-08
-4.283440e-10
8.413900e-01
-6.675660e-09
-1.716560e-09
8.359650e-01
3.811650e-22
0.000000e+00
1.195830e-01
0.000000e+00
0.000000e+00
-1.856280e-01
0.000000e+00
0.000000e+00
4.659440e-03
0.000000e+00
-7.298660e-12
3.245270e-02
-5.883410e-10
-6.929370e-13
-3.509950e-02
-4.788820e-10
8.778400e-12
-3.571170e-04
4.541220e-23
0.000000e+00
9.066650e-03
0.000000e+00
0.000000e+00
-1.387690e-02
0.000000e+00
0.000000e+00
5.288830e-03
0.000000e+00
-1.636840e-11
-1.437810e-03
-1.196870e-10
-7.584380e-11
3.296780e-03
-6.556880e-10
1.088490e-11
-4.768230e-03
-1.488930e-24
0.000000e+00
1.798940e-02
0.000000e+00
0.000000e+00
-2.470610e-02
0.000000e+00
0.000000e+00
8.324320e-03
0.000000e+00
7.507980e-08
3.495680e+02
-4.305750e-06
-2.385930e-06
-8.042160e+02
1.072650e-06
-6.884580e-05
-5.917430e+04
-4.337660e-18
0.000000e+00
-6.661060e+04
0.000000e+00
0.000000e+00
-6.357880e+03
0.000000e+00
0.000000e+00
-1.617180e+05
0.000000e+00
-1.790190e-11
2.587720e-01
-3.991270e-09
3.410740e-10
-4.101410e-01
-7.882440e-11
1.882250e-11
2.522920e-03
5.657920e-23
0.000000e+00
1.371980e-02
0.000000e+00
0.000000e+00
-1.435270e-02
0.000000e+00
0.000000e+00
3.019540e-03
0.000000e+00
2.022010e-10
-9.890190e-01
-2.391330e-08
1.197970e-09
-5.651210e-01
-8.309390e-20
0.000000e+00
3.108660e-01
0.000000e+00
0.000000e+00
9.284260e-02
0.000000e+00
0.000000e+00
-1.623880e-01
0.000000e+00
0.000000e+00
2.299670e-02
0.000000e+00
-2.019920e-09
5.905090e+00
2.712230e-08
2.325880e-08
-7.604830e+00
-1.158740e-19
0.000000e+00
2.856590e+00
0.000000e+00
0.000000e+00
-2.210010e+00
0.000000e+00
0.000000e+00
1.470660e+00
0.000000e+00
0.000000e+00
1.321570e-01
0.000000e+00
8.501550e-11
-9.126590e-01
-2.012750e-08
4.584420e-10
-1.787920e-01
-7.623300e-22
0.000000e+00
1.447250e-01
0.000000e+00
0.000000e+00
1.569450e-01
0.000000e+00
0.000000e+00
-1.659760e-01
0.000000e+00
0.000000e+00
-1.372500e-02
0.000000e+00
1.739460e-10
-1.125570e+00
-2.489050e-08
6.814410e-10
-3.747180e-01
-1.877240e-20
0.000000e+00
2.876560e-01
0.000000e+00
0.000000e+00
1.284970e-01
0.000000e+00
0.000000e+00
-1.747160e-01
0.000000e+00
0.000000e+00
3.762640e-03
0.000000e+00
-1.145840e-10
2.380630e-02
-1.702290e-09
1.090570e-10
-3.941010e-02
-1.060110e-21
0.000000e+00
-1.079580e-03
0.000000e+00
0.000000e+00
9.638820e-03
0.000000e+00
0.000000e+00
-1.336390e-02
0.000000e+00
0.000000e+00
5.135440e-03
0.000000e+00
-4.372410e-11
-2.589700e-02
-1.264530e-09
1.673740e-10
-3.716100e-02
1.596130e-21
0.000000e+00
-5.771860e-03
0.000000e+00
0.000000e+00
1.896110e-02
0.000000e+00
0.000000e+00
-2.374420e-02
0.000000e+00
0.000000e+00
8.069250e-03
0.000000e+00
-3.844380e-07
5.563370e+02
5.866720e-07
-2.011160e-06
-2.875630e+03
-1.706090e-18
0.000000e+00
-6.188630e+04
0.000000e+00
0.000000e+00
-7.051030e+04
0.000000e+00
0.000000e+00
4.231600e+03
0.000000e+00
0.000000e+00
-1.595410e+05
0.000000e+00
-2.020700e-10
3.247060e-01
-2.499510e-09
-5.151420e-11
-9.232280e-02
-1.109250e-22
0.000000e+00
2.979260e-03
0.000000e+00
0.000000e+00
1.420340e-02
0.000000e+00
0.000000e+00
-1.378430e-02
0.000000e+00
0.000000e+00
2.903390e-03
0.000000e+00
8.987280e-10
-1.781220e+00
1.372190e-20
7.063770e-10
-4.127850e-01
-2.043040e-19
0.000000e+00
2.909150e-01
0.000000e+00
0.000000e+00
9.330870e-02
0.000000e+00
0.000000e+00
-1.547490e-01
0.000000e+00
0.000000e+00
2.106210e-02
0.000000e+00
-1.142800e-09
3.062250e+00
1.524660e-21
-2.462210e-08
4.170820e+00
-4.122570e-09
0.000000e+00
2.864750e+00
0.000000e+00
0.000000e+00
-2.115420e+00
0.000000e+00
0.000000e+00
1.392010e+00
0.000000e+00
0.000000e+00
1.418660e-01
0.000000e+00
8.040460e-10
-1.760410e+00
2.020170e-20
1.347490e-10
-1.288100e-01
-4.316690e-20
0.000000e+00
1.319360e-01
0.000000e+00
0.000000e+00
1.533380e-01
0.000000e+00
0.000000e+00
-1.574300e-01
0.000000e+00
0.000000e+00
-1.484880e-02
0.000000e+00
9.414390e-10
-1.945340e+00
-1.600890e-20
4.122530e-10
-2.612410e-01
1.219730e-20
0.000000e+00
2.688710e-01
0.000000e+00
0.000000e+00
1.273440e-01
0.000000e+00
0.000000e+00
-1.661060e-01
0.000000e+00
0.000000e+00
2.161840e-03
0.000000e+00
1.812320e-10
-1.069780e-01
-1.596130e-21
0.000000e+00
-3.657890e-02
0.000000e+00
0.000000e+00
-1.865770e-03
0.000000e+00
0.000000e+00
9.434040e-03
0.000000e+00
0.000000e+00
-1.276740e-02
0.000000e+00
0.000000e+00
4.903830e-03
0.000000e+00
1.227910e-10
-9.569970e-02
-5.360130e-22
0.000000e+00
-3.405190e-02
0.000000e+00
0.000000e+00
-6.778460e-03
0.000000e+00
0.000000e+00
1.848970e-02
0.000000e+00
0.000000e+00
-2.266470e-02
0.000000e+00
0.000000e+00
7.680520e-03
0.000000e+00
-1.862870e-08
8.627270e+01
-1.463670e-19
0.000000e+00
-2.527710e+03
0.000000e+00
0.000000e+00
-6.205260e+04
0.000000e+00
0.000000e+00
-7.100330e+04
0.000000e+00
0.000000e+00
-2.850860e+03
0.000000e+00
0.000000e+00
-1.559380e+05
0.000000e+00
2.517930e-10
-1.902070e-01
8.814440e-22
0.000000e+00
-8.786520e-02
0.000000e+00
0.000000e+00
1.592810e-03
0.000000e+00
0.000000e+00
1.384870e-02
0.000000e+00
0.000000e+00
-1.314410e-02
0.000000e+00
0.000000e+00
2.719120e-03
0.000000e+00
0.000000e+00
3.992544e-320
4.763340e-09
-1.051750e-14
5.744150e-05
4.332800e-09
2.347540e-13
5.201670e-05
-4.304030e-05
1.604070e-13
-6.532090e-03
4.279520e-07
2.240050e-13
6.558080e-05
6.291500e-09
1.851980e-12
9.298540e-07
0.000000e+00
3.287800e-10
0.000000e+00
5.164560e-09
8.402910e-17
6.227990e-05
5.049170e-09
8.527480e-17
6.061720e-05
6.896190e-03
4.305840e-05
1.075600e+00
1.050550e-09
2.393280e-12
1.362680e-06
5.066910e-09
3.300870e-12
7.488660e-07
0.000000e+00
3.287580e-10
0.000000e+00
4.803180e-09
2.668960e-16
5.792200e-05
4.239090e-09
-1.838310e-14
5.089150e-05
6.470900e-03
9.447780e-06
1.009340e+00
2.928920e-07
1.850110e-13
4.562270e-05
3.084990e-09
8.588450e-12
4.559470e-07
0.000000e+00
3.286820e-10
0.000000e+00
4.797510e-09
2.037810e-14
5.785360e-05
4.947660e-09
-3.218450e-17
5.939880e-05
-4.870460e-05
4.545620e-13
-7.391850e-03
1.872180e-07
4.748800e-13
2.962990e-05
5.299090e-09
2.973390e-12
7.831800e-07
0.000000e+00
3.287630e-10
0.000000e+00
-2.704390e-07
8.446040e-14
-3.956280e-05
-2.198020e-07
4.612440e-14
-3.169320e-05
-2.583480e-07
1.554360e-13
-3.671730e-05
-1.114070e-07
1.149770e-13
-1.559840e-05
1.542280e-09
5.022670e-12
2.155980e-07
0.000000e+00
3.287190e-10
0.000000e+00
-3.022880e-07
4.682150e-14
-4.422250e-05
-1.528880e-07
6.256370e-13
-2.204480e-05
-2.942690e-07
4.265710e-13
-4.182500e-05
-1.632870e-07
1.062430e-12
-2.286850e-05
1.424300e-09
5.811460e-12
1.991070e-07
0.000000e+00
3.287070e-10
0.000000e+00
-1.806860e-07
1.754120e-13
-1.093810e+00
-1.807320e-07
1.832050e-14
-2.605830e-05
-2.065170e-07
8.644580e-13
-2.935150e-05
-8.568470e-08
8.236800e-13
-1.199720e-05
1.842210e-09
3.423140e-12
2.575280e-07
0.000000e+00
3.287420e-10
0.000000e+00
-2.509170e-07
2.473440e-13
-3.670720e-05
-2.721150e-07
7.369350e-13
-3.924000e-05
-2.253650e-07
6.768890e-14
-3.202850e-05
-1.036910e-07
7.102900e-13
-1.451950e-05
1.200890e-09
7.813750e-12
1.678760e-07
0.000000e+00
3.286780e-10
0.000000e+00
-6.955600e-10
2.806120e-14
-8.569840e-06
-4.474110e-09
-2.281130e-13
-5.371740e-05
4.216620e-05
5.082040e-13
6.400290e-03
2.760310e-07
4.142790e-12
4.093120e-05
0.000000e+00
2.659680e-10
0.000000e+00
0.000000e+00
-7.044330e-11
0.000000e+00
-1.486600e-09
1.715020e-13
-1.809100e-05
-5.189140e-09
5.090100e-13
-6.230220e-05
3.161690e-05
9.405800e-13
4.799500e-03
4.011700e-07
-5.100120e-13
5.948760e-05
0.000000e+00
2.645530e-10
0.000000e+00
0.000000e+00
-7.044330e-11
0.000000e+00
-5.200520e-10
0.000000e+00
-6.463150e-06
-4.384840e-09
1.042260e-13
-5.264580e-05
4.674060e-05
1.691460e-13
7.095050e-03
4.402760e-07
1.231660e-12
6.528630e-05
0.000000e+00
2.593830e-10
0.000000e+00
0.000000e+00
-7.044330e-11
0.000000e+00
-1.208500e-09
2.592350e-13
-1.473360e-05
-5.080800e-09
2.978130e-13
-6.100140e-05
4.783150e-05
-8.285690e-14
7.260400e-03
4.356530e-07
9.987580e-13
6.460090e-05
0.000000e+00
2.649110e-10
0.000000e+00
0.000000e+00
-7.044330e-11
0.000000e+00
1.132410e-07
-7.100110e-14
1.684080e-05
7.462190e-08
7.128060e-14
1.102790e-05
1.794590e-07
2.042780e-14
2.566000e-05
1.156710e-07
3.275260e-12
1.620360e-05
0.000000e+00
2.628630e-10
0.000000e+00
0.000000e+00
-7.033400e-11
0.000000e+00
1.731770e-07
-4.478540e-14
2.556090e-05
-2.577370e-08
1.895400e-13
-3.394590e-06
2.363420e-07
-3.847210e-13
3.371180e-05
1.670370e-07
2.472060e-13
2.339900e-05
0.000000e+00
2.621090e-10
0.000000e+00
0.000000e+00
-7.033400e-11
0.000000e+00
5.433000e-08
2.661430e-13
-5.899750e-01
1.153440e-08
3.488970e-13
1.972720e-06
1.520410e-07
-2.608340e-13
2.171730e-05
8.806640e-08
4.862490e-12
1.233660e-05
0.000000e+00
2.643870e-10
0.000000e+00
0.000000e+00
-7.033400e-11
0.000000e+00
1.404850e-07
-2.014910e-13
2.074560e-05
-1.090140e-08
-7.204150e-13
-1.062830e-06
1.425810e-07
3.054520e-13
2.042580e-05
1.071040e-07
3.284510e-12
1.500350e-05
0.000000e+00
2.600930e-10
0.000000e+00
0.000000e+00
-7.033400e-11
0.000000e+00
-3.926480e-09
6.333750e-13
-4.717100e-05
-1.410790e-07
1.363150e-12
-2.105720e-05
1.568300e-07
4.961930e-12
2.335920e-05
0.000000e+00
1.984950e-10
0.000000e+00
0.000000e+00
-4.345450e-11
0.000000e+00
0.000000e+00
-4.706240e-11
0.000000e+00
-3.537990e-09
5.111340e-13
-4.250390e-05
-2.475860e-07
9.513580e-13
-3.695430e-05
2.732740e-07
4.132220e-13
4.066680e-05
0.000000e+00
2.053780e-10
0.000000e+00
0.000000e+00
-4.351820e-11
0.000000e+00
0.000000e+00
-4.706240e-11
0.000000e+00
-4.137370e-09
5.789250e-13
-4.970460e-05
-2.131160e-07
4.969360e-13
-3.180880e-05
3.190230e-07
1.035200e-12
4.747820e-05
0.000000e+00
2.075970e-10
0.000000e+00
0.000000e+00
-4.354360e-11
0.000000e+00
0.000000e+00
-4.706240e-11
0.000000e+00
-3.455870e-09
7.231540e-13
-4.151740e-05
-2.924650e-07
2.231060e-13
-4.365330e-05
2.358530e-07
2.337640e-12
3.512540e-05
0.000000e+00
2.025880e-10
0.000000e+00
0.000000e+00
-4.347200e-11
0.000000e+00
0.000000e+00
-4.706240e-11
0.000000e+00
-5.846310e-08
2.415770e-13
-8.076670e-06
6.882660e-08
2.196440e-12
9.940350e-06
8.187370e-08
3.128630e-12
1.149470e-05
0.000000e+00
2.042130e-10
0.000000e+00
0.000000e+00
-4.339360e-11
0.000000e+00
0.000000e+00
-4.723690e-11
0.000000e+00
-6.480970e-08
5.990500e-13
-9.028610e-06
1.169860e-07
6.086690e-13
1.677080e-05
5.997960e-08
5.329300e-12
8.424010e-06
0.000000e+00
2.025690e-10
0.000000e+00
0.000000e+00
-4.334040e-11
0.000000e+00
0.000000e+00
-4.723690e-11
0.000000e+00
-4.275990e-08
2.465590e-13
-5.889410e-06
9.879500e-08
1.161360e-12
1.420210e-05
5.484090e-08
5.514560e-12
7.703380e-06
0.000000e+00
2.051480e-10
0.000000e+00
0.000000e+00
-4.344050e-11
0.000000e+00
0.000000e+00
-9.702000e-02
0.000000e+00
-2.241420e-07
1.062990e-12
-3.180670e-05
2.132680e-07
1.856950e-13
3.050670e-05
8.657100e-08
2.594100e-12
1.215430e-05
0.000000e+00
2.054820e-10
0.000000e+00
0.000000e+00
-4.342040e-11
0.000000e+00
0.000000e+00
-4.723690e-11
0.000000e+00
-2.046070e-09
-6.360590e-13
-3.054070e-07
1.409870e-07
-1.281570e-12
2.104490e-05
9.048300e-09
-4.947430e-12
1.319020e-06
0.000000e+00
-1.973970e-10
0.000000e+00
0.000000e+00
-2.192970e-10
0.000000e+00
0.000000e+00
-2.225930e-10
0.000000e+00
-3.593260e-09
-6.597490e-13
-5.363490e-07
2.477770e-07
-1.427500e-12
3.698460e-05
3.492530e-09
-1.187550e-12
5.091240e-07
0.000000e+00
-2.019970e-10
0.000000e+00
0.000000e+00
-2.192970e-10
0.000000e+00
0.000000e+00
-2.225930e-10
0.000000e+00
-3.077660e-09
-5.675990e-13
-4.593880e-07
2.121910e-07
-5.405960e-13
3.167290e-05
5.244620e-09
-6.125420e-13
7.645350e-07
0.000000e+00
-2.036050e-10
0.000000e+00
0.000000e+00
-2.192970e-10
0.000000e+00
0.000000e+00
-2.225930e-10
0.000000e+00
-4.258660e-09
-9.718690e-13
-6.356700e-07
2.935430e-07
-5.227260e-13
4.381630e-05
1.225200e-08
-2.081110e-12
1.786040e-06
0.000000e+00
-1.984990e-10
0.000000e+00
0.000000e+00
-2.192970e-10
0.000000e+00
0.000000e+00
-2.225930e-10
0.000000e+00
2.056320e-07
-2.355140e-13
2.935310e-05
7.655840e-08
-2.258010e-12
1.076910e-05
1.033290e-09
-2.298940e-12
1.432070e-07
0.000000e+00
-2.023830e-10
0.000000e+00
0.000000e+00
-2.194280e-10
0.000000e+00
0.000000e+00
-2.225130e-10
0.000000e+00
1.858390e-07
-5.721720e-13
2.652750e-05
5.999730e-08
-1.345780e-12
8.439560e-06
2.534410e-09
-4.626640e-12
3.512530e-07
0.000000e+00
-1.985070e-10
0.000000e+00
0.000000e+00
-2.194280e-10
0.000000e+00
0.000000e+00
-2.225130e-10
0.000000e+00
1.591510e-07
-6.387650e-13
2.271860e-05
7.284140e-08
-1.504740e-12
1.024630e-05
2.937430e-09
-5.351560e-12
4.071100e-07
0.000000e+00
-2.052740e-10
0.000000e+00
0.000000e+00
-2.194280e-10
0.000000e+00
0.000000e+00
-9.702760e-02
0.000000e+00
3.231830e-07
-1.086710e-12
4.613170e-05
7.161410e-08
-1.650000e-13
1.007360e-05
1.123270e-09
-1.975560e-12
1.556790e-07
0.000000e+00
-2.041800e-10
0.000000e+00
0.000000e+00
-2.194280e-10
0.000000e+00
0.000000e+00
-2.225130e-10
0.000000e+00
-9.226290e-08
3.353430e-14
-1.303210e-05
-2.998160e-06
4.665650e-13
-4.141300e-04
1.340960e-07
3.592040e-12
1.852320e-05
0.000000e+00
7.631290e-11
0.000000e+00
0.000000e+00
7.327690e-11
0.000000e+00
0.000000e+00
7.001790e-11
0.000000e+00
-1.242130e-07
1.158310e-13
-1.754470e-05
-1.978540e-06
1.329610e-13
-2.732780e-04
2.054090e-07
2.095430e-12
2.837390e-05
0.000000e+00
7.637680e-11
0.000000e+00
0.000000e+00
7.327690e-11
0.000000e+00
0.000000e+00
7.001790e-11
0.000000e+00
-1.215870e-07
3.798890e-13
-1.717290e-05
-1.256020e-06
8.550430e-14
-1.734720e-04
2.626110e-07
1.407260e-12
3.627550e-05
0.000000e+00
7.640600e-11
0.000000e+00
0.000000e+00
7.327690e-11
0.000000e+00
0.000000e+00
7.001790e-11
0.000000e+00
-9.677680e-08
1.483790e-13
-1.366750e-05
-2.040940e-06
1.538420e-13
-2.818980e-04
2.153690e-07
1.948920e-12
2.974980e-05
0.000000e+00
7.638300e-11
0.000000e+00
0.000000e+00
7.327690e-11
0.000000e+00
0.000000e+00
7.001790e-11
0.000000e+00
-4.729520e-08
1.011520e-13
-6.680740e-06
-3.481820e-08
2.130850e-12
-4.800990e-06
2.988070e-09
2.684340e-11
4.127550e-07
0.000000e+00
7.532710e-11
0.000000e+00
0.000000e+00
7.327690e-11
0.000000e+00
0.000000e+00
7.001790e-11
0.000000e+00
-5.094060e-08
5.003130e-13
-7.194720e-06
-5.163350e-08
1.254180e-12
-7.120620e-06
5.743770e-09
2.254830e-11
7.934100e-07
0.000000e+00
7.551020e-11
0.000000e+00
0.000000e+00
7.327690e-11
0.000000e+00
0.000000e+00
7.001790e-11
0.000000e+00
-5.737140e-08
6.784010e-13
-8.101240e-06
1.404440e-09
4.837940e-13
2.117070e-07
3.222340e-09
2.635580e-11
4.451140e-07
0.000000e+00
7.535060e-11
0.000000e+00
0.000000e+00
7.327690e-11
0.000000e+00
0.000000e+00
5.222540e-02
0.000000e+00
-8.197670e-08
7.350840e-13
-1.157920e-05
1.169450e-09
6.133660e-13
1.776430e-07
3.875050e-09
2.525870e-11
5.352770e-07
0.000000e+00
7.539670e-11
0.000000e+00
0.000000e+00
7.327690e-11
0.000000e+00
0.000000e+00
7.001790e-11
0.000000e+00
-2.176390e-06
8.372020e-14
-3.003650e-04
2.894410e-06
6.640320e-14
3.998160e-04
0.000000e+00
4.112430e-11
0.000000e+00
0.000000e+00
-2.927110e-11
0.000000e+00
0.000000e+00
-2.930990e-11
0.000000e+00
0.000000e+00
-2.993730e-11
0.000000e+00
-1.512940e-06
-7.043720e-14
-2.086270e-04
1.609330e-05
9.280840e-13
2.223030e-03
0.000000e+00
4.256310e-11
0.000000e+00
0.000000e+00
-2.927110e-11
0.000000e+00
0.000000e+00
-2.930990e-11
0.000000e+00
0.000000e+00
-2.993730e-11
0.000000e+00
-2.047530e-06
-3.165820e-13
-2.824830e-04
1.013170e-06
1.942770e-12
1.399530e-04
0.000000e+00
4.320950e-11
0.000000e+00
0.000000e+00
-2.927110e-11
0.000000e+00
0.000000e+00
-2.930990e-11
0.000000e+00
0.000000e+00
-2.993730e-11
0.000000e+00
-2.368520e-06
-3.223020e-14
-3.268990e-04
1.850700e-06
8.672570e-13
2.556440e-04
0.000000e+00
4.270310e-11
0.000000e+00
0.000000e+00
-2.927110e-11
0.000000e+00
0.000000e+00
-2.930990e-11
0.000000e+00
0.000000e+00
-2.993730e-11
0.000000e+00
-3.578900e-08
4.127670e-13
-4.804610e-06
3.584050e-08
1.029270e-11
4.950790e-06
0.000000e+00
1.861680e-11
0.000000e+00
0.000000e+00
-2.927110e-11
0.000000e+00
0.000000e+00
-2.930990e-11
0.000000e+00
0.000000e+00
-2.993730e-11
0.000000e+00
-1.116240e-08
-7.817680e-15
-1.395540e-06
5.137770e-08
9.816150e-12
7.097010e-06
0.000000e+00
2.278400e-11
0.000000e+00
0.000000e+00
-2.927110e-11
0.000000e+00
0.000000e+00
-2.930990e-11
0.000000e+00
0.000000e+00
-2.993730e-11
0.000000e+00
-3.654010e-08
-2.424390e-13
-4.888830e-06
3.091080e-09
2.010350e-11
4.269830e-07
0.000000e+00
1.902980e-11
0.000000e+00
0.000000e+00
-2.927110e-11
0.000000e+00
0.000000e+00
-2.930990e-11
0.000000e+00
0.000000e+00
5.222360e-02
0.000000e+00
-9.869840e-08
-5.424980e-13
-1.339420e-05
1.968570e-09
2.160180e-11
2.719260e-07
0.000000e+00
2.005170e-11
0.000000e+00
0.000000e+00
-2.927110e-11
0.000000e+00
0.000000e+00
-2.930990e-11
0.000000e+00
0.000000e+00
-2.993730e-11
0.000000e+00
2.238320e-06
-1.095500e-13
3.091890e-04
-1.209720e-11
1.121860e-13
-1.671030e-09
0.000000e+00
-4.392330e-11
0.000000e+00
0.000000e+00
-4.396180e-11
0.000000e+00
0.000000e+00
-4.396570e-11
0.000000e+00
0.000000e+00
-4.460790e-11
0.000000e+00
1.721730e-06
-3.139420e-14
2.378290e-04
-1.440470e-05
-4.073430e-13
-1.989790e-03
0.000000e+00
-4.394420e-11
0.000000e+00
0.000000e+00
-4.396180e-11
0.000000e+00
0.000000e+00
-4.396570e-11
0.000000e+00
0.000000e+00
-4.460790e-11
0.000000e+00
2.149360e-06
-4.161810e-14
2.969000e-04
-4.373070e-12
-1.399050e-12
-6.040700e-10
0.000000e+00
-4.391480e-11
0.000000e+00
0.000000e+00
-4.396180e-11
0.000000e+00
0.000000e+00
-4.396570e-11
0.000000e+00
0.000000e+00
-4.460790e-11
0.000000e+00
2.440180e-06
-1.044380e-13
3.370710e-04
-7.837310e-12
-3.664330e-13
-1.082600e-09
0.000000e+00
-4.394250e-11
0.000000e+00
0.000000e+00
-4.396180e-11
0.000000e+00
0.000000e+00
-4.396570e-11
0.000000e+00
0.000000e+00
-4.460790e-11
0.000000e+00
7.907390e-08
-3.904180e-13
1.092280e-05
0.000000e+00
-1.163130e-11
0.000000e+00
0.000000e+00
-4.394420e-11
0.000000e+00
0.000000e+00
-4.396180e-11
0.000000e+00
0.000000e+00
-4.396570e-11
0.000000e+00
0.000000e+00
-4.460790e-11
0.000000e+00
5.661500e-08
-3.365070e-13
7.820460e-06
0.000000e+00
-1.036580e-11
0.000000e+00
0.000000e+00
-4.394420e-11
0.000000e+00
0.000000e+00
-4.396180e-11
0.000000e+00
0.000000e+00
-4.396570e-11
0.000000e+00
0.000000e+00
-4.460790e-11
0.000000e+00
8.619360e-08
-2.944250e-13
1.190630e-05
0.000000e+00
-1.976200e-11
0.000000e+00
0.000000e+00
-4.394420e-11
0.000000e+00
0.000000e+00
-4.396180e-11
0.000000e+00
0.000000e+00
4.479560e-02
0.000000e+00
0.000000e+00
-4.460790e-11
0.000000e+00
1.736620e-07
-8.397970e-14
2.398860e-05
0.000000e+00
-2.132780e-11
0.000000e+00
0.000000e+00
-4.394420e-11
0.000000e+00
0.000000e+00
-4.396180e-11
0.000000e+00
0.000000e+00
-4.396570e-11
0.000000e+00
0.000000e+00
-4.460790e-11
0.000000e+00
4.649990e-310
2.158573e-320
6.918720e-310
6.918720e-310
4.649990e-310
4.649990e-310
0.000000e+00
0.000000e+00
4.649990e-310
3.458460e-323
3.623820e-307
0.000000e+00
2.766768e-321
3.952525e-322
4.649990e-310
4.649990e-310
0.000000e+00
0.000000e+00
4.649990e-310
1.976263e-323
4.617530e-310
0.000000e+00
3.162020e-321
3.952525e-322
4.649990e-310
4.649990e-310
4.649990e-310
4.649990e-310
4.649990e-310
1.976263e-323
5.660290e-315
2.291790e+59
3.557273e-321
3.952525e-322
4.649990e-310
4.649990e-310
0.000000e+00
0.000000e+00
4.649990e-310
2.470328e-323
1.767910e-312
9.881313e-323
3.952525e-321
3.952525e-322
4.649990e-310
4.649990e-310
4.649990e-310
4.649990e-310
4.649990e-310
3.458460e-323
4.295700e-307
0.000000e+00
4.347778e-321
3.952525e-322
4.649990e-310
4.649990e-310
0.000000e+00
0.000000e+00
4.649990e-310
3.458460e-323
2.143940e-307
4.649990e-310
4.743030e-321
3.952525e-322
4.649990e-310
4.649990e-310
4.649990e-310
4.649990e-310
4.649990e-310
3.952525e-323
6.850520e+25
0.000000e+00
5.138283e-321
3.952525e-322
4.649990e-310
4.649990e-310
0.000000e+00
4.649990e-310
4.649990e-310
3.952525e-323
1.686960e+69
0.000000e+00
5.533535e-321
3.952525e-322
4.649990e-310
4.649990e-310
0.000000e+00
0.000000e+00
4.649990e-310
3.458460e-323
5.634180e-307
0.000000e+00
0.000000e+00
1.067676e-320
4.649990e-310
6.918720e-310
0.000000e+00
0.000000e+00
4.294820e-307
6.952970e-310
4.649990e-310
0.000000e+00
4.353670e+96
4.237270e-310
0.000000e+00
4.649990e-310
3.458460e-323
3.623820e-307
6.952970e-310
0.000000e+00
0.000000e+00
4.649990e-310
4.649990e-310
4.649990e-310
4.940656e-324
0.000000e+00
0.000000e+00
4.649990e-310
4.649990e-310
4.649990e-310
3.952525e-323
4.649990e-310
0.000000e+00
0.000000e+00
0.000000e+00
7.905050e-323
6.918720e-310
0.000000e+00
0.000000e+00
0.000000e+00
0.000000e+00
0.000000e+00
4.940656e-324
0.000000e+00
0.000000e+00
4.649990e-310
0.000000e+00
0.000000e+00
6.952970e-310
0.000000e+00
4.649990e-310
0.000000e+00
4.256140e-310
4.649990e-310
2.055313e-321
3.162020e-322
4.649990e-310
4.649990e-310
4.649990e-310
4.649990e-310
4.649990e-310
4.649990e-310
2.371515e-321
3.952525e-322
4.649990e-310
4.649990e-310
0.000000e+00
0.000000e+00
4.649990e-310
2.964394e-323
3.712290e-310
0.000000e+00
2.766768e-321
3.952525e-322
4.649990e-310
4.649990e-310
0.000000e+00
0.000000e+00
4.649990e-310
2.470328e-323
1.767910e-312
0.000000e+00
3.162020e-321
3.952525e-322
4.649990e-310
4.649990e-310
4.649990e-310
4.649990e-310
4.649990e-310
4.649990e-310
4.940656e-324
2.322109e-322
0.000000e+00
7.119486e-321
4.649990e-310
4.649990e-310
0.000000e+00
0.000000e+00
4.649990e-310
4.649990e-310
3.162020e-322
3.952525e-322
4.649990e-310
4.649990e-310
0.000000e+00
0.000000e+00
4.649990e-310
2.964394e-323
3.712280e-310
0.000000e+00
3.952525e-322
6.408031e-321
4.649990e-310
4.649990e-310
0.000000e+00
0.000000e+00
1.746110e-312
0.000000e+00
4.649990e-310
0.000000e+00
0.000000e+00
0.000000e+00
4.940656e-324
0.000000e+00
4.649990e-310
0.000000e+00
0.000000e+00
0.000000e+00
1.000000e+00
0.000000e+00
0.000000e+00
0.000000e+00
0.000000e+00
4.649990e-310
2.964394e-323
4.577410e-310
0.000000e+00
4.940656e-324
4.649990e-310
0.000000e+00
0.000000e+00
0.000000e+00
6.365990e-314
4.940656e-324
4.649990e-310
3.613500e-315
4.649990e-310
2.964394e-323
4.526270e-310
0.000000e+00
4.649990e-310
0.000000e+00
0.000000e+00
0.000000e+00
4.940656e-324
0.000000e+00
4.649990e-310
0.000000e+00
0.000000e+00
0.000000e+00
1.000000e+00
0.000000e+00
0.000000e+00
0.000000e+00
0.000000e+00
4.649990e-310
3.952525e-323
2.381980e+93
0.000000e+00
4.940656e-324
4.649990e-310
0.000000e+00
0.000000e+00
0.000000e+00
6.365990e-314
4.940656e-324
4.649990e-310
4.940656e-324
4.649990e-310
0.000000e+00
0.000000e+00
0.000000e+00
4.649990e-310
0.000000e+00
0.000000e+00
0.000000e+00
4.940656e-324
0.000000e+00
4.649990e-310
0.000000e+00
0.000000e+00
0.000000e+00
1.000000e+00
0.000000e+00
0.000000e+00
0.000000e+00
0.000000e+00
4.649990e-310
4.940656e-323
2.291790e+59
1.053200e-319
4.940656e-324
4.649990e-310
0.000000e+00
0.000000e+00
0.000000e+00
4.243990e-314
4.940656e-324
4.649990e-310
9.881313e-323
4.649990e-310
0.000000e+00
0.000000e+00
0.000000e+00
4.649990e-310
0.000000e+00
0.000000e+00
0.000000e+00
4.940656e-324
0.000000e+00
4.649990e-310
0.000000e+00
0.000000e+00
0.000000e+00
1.000000e+00
0.000000e+00
0.000000e+00
0.000000e+00
0.000000e+00
4.649990e-310
4.446591e-323
4.910610e+25
4.100745e-322
4.940656e-324
4.649990e-310
0.000000e+00
0.000000e+00
0.000000e+00
4.243990e-314
4.940656e-324
4.649990e-310
0.000000e+00
4.649990e-310
0.000000e+00
0.000000e+00
0.000000e+00
4.649990e-310
0.000000e+00
0.000000e+00
0.000000e+00
4.940656e-324
0.000000e+00
4.649990e-310
0.000000e+00
0.000000e+00
0.000000e+00
1.000000e+00
0.000000e+00
0.000000e+00
0.000000e+00
0.000000e+00
4.649990e-310
4.446591e-323
1.154850e+21
3.409053e-322
4.940656e-324
4.649990e-310
0.000000e+00
0.000000e+00
0.000000e+00
4.243990e-314
4.940656e-324
7.984101e-320
3.952525e-322
4.649990e-310
4.649990e-310
4.649990e-310
4.649990e-310
0.000000e+00
4.649990e-310
4.940656e-324
2.322109e-322
0.000000e+00
6.882334e-321
4.649990e-310
6.918720e-310
0.000000e+00
0.000000e+00
4.649990e-310
4.940656e-324
4.649990e-310
0.000000e+00
4.649990e-310
4.940656e-324
4.940656e-324
0.000000e+00
4.649990e-310
0.000000e+00
0.000000e+00
0.000000e+00
1.000000e+00
0.000000e+00
4.649990e-310
4.649990e-310
4.649990e-310
4.649990e-310
1.976263e-323
5.415160e-315
4.649990e-310
0.000000e+00
4.649990e-310
0.000000e+00
4.649990e-310
4.940656e-324
2.122000e-314
4.940656e-324
1.343859e-321
1.343859e-321
6.952970e-310
3.952525e-323
4.649990e-310
0.000000e+00
4.649990e-310
4.940656e-324
4.649990e-310
0.000000e+00
4.649990e-310
4.940656e-324
4.940656e-324
0.000000e+00
4.649990e-310
0.000000e+00
0.000000e+00
0.000000e+00
1.000000e+00
0.000000e+00
4.649990e-310
4.649990e-310
4.649990e-310
4.649990e-310
1.976263e-323
4.617520e-310
4.649990e-310
0.000000e+00
4.649990e-310
0.000000e+00
4.649990e-310
4.940656e-324
2.122000e-314
0.000000e+00
0.000000e+00
3.404112e-321
4.649990e-310
4.649990e-310
5.674300e-310
0.000000e+00
4.649990e-310
4.940656e-324
2.420922e-322
0.000000e+00
4.649990e-310
4.940656e-324
2.420922e-322
0.000000e+00
4.649990e-310
4.940656e-324
2.420922e-322
0.000000e+00
4.649990e-310
4.940656e-324
2.420922e-322
0.000000e+00
4.649990e-310
4.940656e-324
2.420922e-322
0.000000e+00
4.649990e-310
4.940656e-324
2.420922e-322
0.000000e+00
4.649990e-310
4.940656e-324
2.420922e-322
0.000000e+00
1.343859e-321
2.055313e-321
4.649990e-310
4.649990e-310
4.649990e-310
3.952525e-323
6.831620e+25
6.952970e-310
4.649990e-310
4.940656e-323
2.291790e+59
4.237270e-310
0.000000e+00
4.649990e-310
2.964394e-323
3.712290e-310
6.952970e-310
0.000000e+00
0.000000e+00
4.649990e-310
4.649990e-310
4.649990e-310
4.940656e-324
0.000000e+00
0.000000e+00
4.649990e-310
4.649990e-310
4.649990e-310
4.940656e-324
4.649990e-310
0.000000e+00
0.000000e+00
0.000000e+00
7.905050e-323
6.918720e-310
0.000000e+00
0.000000e+00
4.649990e-310
4.649990e-310
4.649990e-310
9.881313e-324
0.000000e+00
0.000000e+00
4.649990e-310
0.000000e+00
0.000000e+00
6.952970e-310
0.000000e+00
4.649990e-310
0.000000e+00
4.256140e-310
4.649990e-310
6.086889e-321
3.952525e-322
4.649990e-310
4.649990e-310
0.000000e+00
0.000000e+00
4.649990e-310
2.470328e-323
1.767910e-312
0.000000e+00
6.482141e-321
3.952525e-322
4.649990e-310
4.649990e-310
4.649990e-310
4.649990e-310
4.649990e-310
4.649990e-310
4.940656e-324
2.322109e-322
2.158079e-320
5.533535e-322
1.277320e+232
4.264110e+257
2.178450e+214
4.261370e+257
1.144480e+243
4.701040e+180
5.303530e+180
2.456500e+198
7.501900e+247
2.359010e+251
4.405710e-85
8.464010e-308
9.565110e-315
3.404112e-321
0.000000e+00
0.000000e+00
0.000000e+00
0.000000e+00
0.000000e+00
0.000000e+00
0.000000e+00
0.000000e+00
0.000000e+00
0.000000e+00
0.000000e+00
0.000000e+00
0.000000e+00
0.000000e+00
0.000000e+00
0.000000e+00
0.000000e+00
0.000000e+00
0.000000e+00
0.000000e+00
0.000000e+00
0.000000e+00
0.000000e+00
0.000000e+00
0.000000e+00
0.000000e+00
0.000000e+00
0.000000e+00
0.000000e+00
0.000000e+00
0.000000e+00
0.000000e+00
0.000000e+00
0.000000e+00
0.000000e+00
0.000000e+00
0.000000e+00
0.000000e+00
0.000000e+00
0.000000e+00
0.000000e+00
0.000000e+00
0.000000e+00
0.000000e+00
0.000000e+00
0.000000e+00
0.000000e+00
0.000000e+00
1.390690e-309
1.390690e-309
1.390690e-309
1.390690e-309
1.390690e-309
1.390690e-309
1.390690e-309
1.390690e-309
1.390690e-309
1.390690e-309
1.390690e-309
1.390690e-309
1.390690e-309
1.390690e-309
1.390690e-309
1.390690e-309
1.390690e-309
1.390690e-309
1.390690e-309
1.390690e-309
1.390690e-309
1.390690e-309
1.390690e-309
1.390690e-309
1.390690e-309
1.390690e-309
1.390690e-309
1.390690e-309
1.390690e-309
1.390690e-309
1.390690e-309
1.390690e-309
1.390690e-309
1.390690e-309
1.390690e-309
1.390690e-309
4.649990e-310
1.630417e-322
4.649990e-310
2.122000e-314
4.649990e-310
1.506900e-321
4.649990e-310
4.649990e-310
4.649990e-310
4.649990e-310
4.649990e-310
4.649990e-310
4.940656e-324
2.322109e-322
0.000000e+00
0.000000e+00
4.649990e-310
4.649990e-310
4.649990e-310
0.000000e+00
4.649990e-310
4.940656e-324
2.322109e-322
0.000000e+00
0.000000e+00
4.649990e-310
4.649990e-310
4.649990e-310
0.000000e+00
4.649990e-310
4.940656e-324
2.322109e-322
0.000000e+00
0.000000e+00
4.649990e-310
4.649990e-310
4.649990e-310
0.000000e+00
4.649990e-310
4.940656e-324
2.322109e-322
0.000000e+00
0.000000e+00
1.348799e-321
6.918560e-310
4.649990e-310
0.000000e+00
0.000000e+00
4.649990e-310
5.928788e-323
9.172440e+170
9.816780e-315
4.649990e-310
5.928788e-323
9.172440e+170
9.816780e-315
4.649990e-310
2.964394e-323
5.509630e-310
0.000000e+00
4.649990e-310
0.000000e+00
0.000000e+00
0.000000e+00
4.649990e-310
5.928788e-323
9.172440e+170
9.816780e-315
4.649990e-310
3.162020e-322
3.162020e-322
0.000000e+00
4.649990e-310
1.976263e-323
4.077230e-315
0.000000e+00
0.000000e+00
1.506900e-321
0.000000e+00
4.649990e-310
5.674300e-310
0.000000e+00
4.649990e-310
4.940656e-324
2.420922e-322
0.000000e+00
4.649990e-310
4.940656e-324
2.420922e-322
0.000000e+00
4.649990e-310
4.940656e-324
2.420922e-322
0.000000e+00
4.649990e-310
4.940656e-324
2.420922e-322
0.000000e+00
4.649990e-310
4.940656e-324
2.420922e-322
0.000000e+00
4.649990e-310
4.940656e-324
2.420922e-322
0.000000e+00
4.649990e-310
4.940656e-324
2.420922e-322
0.000000e+00
4.649990e-310
4.940656e-324
2.420922e-322
0.000000e+00
0.000000e+00
5.320593e-320
1.159650e-01
2.492650e+07
8.292500e-05
9.881313e-324
1.496230e-01
2.496450e+07
8.329050e-05
1.984000e+03
1.408410e-01
2.500740e+07
1.559500e+02
2.560000e+03
1.485160e-01
2.512210e+07
1.512850e+02
1.984000e+03
2.140390e-01
2.523750e+07
1.477950e+02
1.984000e+03
1.000000e+00
2.536300e+07
0.000000e+00
2.688000e+03
7.605660e-02
2.492650e+07
8.292500e-05
2.432000e+03
7.619140e-02
2.496450e+07
8.329050e-05
1.984000e+03
1.824140e-01
2.500740e+07
1.559500e+02
2.560000e+03
2.256020e-01
2.512210e+07
1.512850e+02
2.432000e+03
2.417650e-01
2.523750e+07
1.477950e+02
1.984000e+03
1.000000e+00
2.536300e+07
0.000000e+00
2.688000e+03
1.118980e-01
2.492650e+07
8.292500e-05
2.944000e+03
1.594230e-01
2.496450e+07
8.329050e-05
1.984000e+03
1.500310e-01
2.500740e+07
1.559500e+02
2.560000e+03
1.438610e-01
2.512210e+07
1.512850e+02
2.944000e+03
3.001960e-01
2.523750e+07
1.477950e+02
1.984000e+03
1.000000e+00
2.536300e+07
0.000000e+00
2.688000e+03
1.124770e-01
2.492650e+07
8.292500e-05
3.456000e+03
8.680120e-02
2.496450e+07
8.329050e-05
1.984000e+03
1.649840e-01
2.500740e+07
1.559500e+02
2.688000e+03
1.667800e-01
2.512210e+07
1.512850e+02
3.456000e+03
2.360880e-01
2.523750e+07
1.477950e+02
1.984000e+03
1.000000e+00
2.536300e+07
0.000000e+00
2.688000e+03
1.310930e-01
2.477270e+07
1.480750e+02
3.968000e+03
1.203590e-01
2.488820e+07
1.460040e+02
1.984000e+03
1.398910e-01
2.500400e+07
1.439340e+02
2.688000e+03
1.351150e-01
2.512010e+07
1.418630e+02
3.968000e+03
2.649230e-01
2.523660e+07
1.397920e+02
1.984000e+03
1.000000e+00
2.536280e+07
0.000000e+00
2.688000e+03
1.202090e-01
2.477270e+07
1.480750e+02
4.352000e+03
1.744650e-01
2.488820e+07
1.460040e+02
1.984000e+03
1.637050e-01
2.500400e+07
1.439340e+02
2.688000e+03
1.924550e-01
2.512010e+07
1.418630e+02
4.352000e+03
2.742170e-01
2.523660e+07
1.397920e+02
1.984000e+03
1.000000e+00
2.536280e+07
0.000000e+00
2.688000e+03
1.422660e-01
2.477270e+07
1.480750e+02
4.864000e+03
1.126160e-01
2.488820e+07
1.460040e+02
1.984000e+03
1.845210e-01
2.500400e+07
1.439340e+02
2.688000e+03
1.833150e-01
2.512010e+07
1.418630e+02
4.864000e+03
2.433450e-01
2.523660e+07
1.397920e+02
1.984000e+03
1.000000e+00
2.536280e+07
0.000000e+00
2.688000e+03
1.510580e-01
2.477270e+07
1.480750e+02
1.984000e+03
1.792820e-01
2.488820e+07
1.460040e+02
2.432000e+03
1.294440e-01
2.500400e+07
1.439340e+02
2.560000e+03
1.780520e-01
2.512010e+07
1.418630e+02
1.984000e+03
2.938020e-01
2.523660e+07
1.397920e+02
2.432000e+03
1.000000e+00
2.536280e+07
0.000000e+00
2.688000e+03
9.724460e-02
2.495910e+07
8.323910e-05
2.432000e+03
9.706390e-02
2.499710e+07
8.360520e-05
2.432000e+03
1.832190e-01
2.510600e+07
1.517750e+02
2.560000e+03
2.703200e-01
2.522120e+07
1.482850e+02
2.432000e+03
1.000000e+00
2.533980e+07
0.000000e+00
2.432000e+03
1.000000e+00
2.550480e+07
0.000000e+00
2.688000e+03
1.469980e-01
2.495910e+07
8.323910e-05
2.944000e+03
1.749900e-01
2.499710e+07
8.360520e-05
2.432000e+03
2.209230e-01
2.510600e+07
1.517750e+02
2.560000e+03
2.245820e-01
2.522120e+07
1.482850e+02
2.944000e+03
1.000000e+00
2.533980e+07
0.000000e+00
2.432000e+03
1.000000e+00
2.550480e+07
0.000000e+00
2.688000e+03
7.100400e-02
2.495910e+07
8.323910e-05
3.456000e+03
