-9.109400e-13
8.151150e-03
-3.635070e-28
-5.481690e-11
1.118750e-03
7.148270e-17
7.644260e-09
-2.125110e+01
3.524070e-07
-2.722540e-10
1.891750e+00
5.766460e-08
-1.071690e-11
1.613010e-01
-2.382280e-23
0.000000e+00
3.658930e-02
0.000000e+00
-1.118390e-11
1.498490e-01
1.163220e-26
-1.529760e-10
2.374030e+00
3.821540e-14
-4.622540e-06
2.570150e+04
1.258070e-03
-3.250560e-07
1.563750e+03
2.224990e-06
3.847810e-07
1.194520e+02
2.591920e-20
0.000000e+00
4.808860e+01
0.000000e+00
-1.059070e-11
9.751430e-02
1.163220e-26
7.978170e-08
1.550400e-01
2.601900e-15
-2.993770e-06
2.014920e+04
1.129090e-03
-1.956250e-07
1.410320e+03
1.529720e-06
3.371390e-07
1.241680e+02
0.000000e+00
0.000000e+00
3.420060e+01
0.000000e+00
-9.700410e-13
7.631840e-03
0.000000e+00
-1.192020e-13
6.943860e-04
6.063050e-17
1.635190e-08
-2.128550e+01
3.963050e-07
-2.937470e-10
1.831050e+00
5.087680e-08
-3.832650e-11
1.029990e-01
-1.191140e-23
0.000000e+00
2.116870e-02
0.000000e+00
3.397740e-11
-1.922270e-01
1.306170e-09
2.182020e-11
-1.413270e-01
2.186260e-09
3.597000e-11
-1.044920e-01
1.780940e-09
2.224380e-11
-4.732730e-02
1.005950e-09
-3.300630e-11
1.303890e-02
5.955700e-24
0.000000e+00
1.759000e-03
0.000000e+00
2.773390e-11
-1.920850e-01
1.269490e-09
9.432390e-11
-1.568610e-01
2.172150e-09
7.806840e-11
-1.102830e-01
1.765890e-09
1.564020e-10
-4.898270e-02
1.134840e-09
-3.449950e-11
1.050410e-02
0.000000e+00
0.000000e+00
1.344670e-03
0.000000e+00
3.352400e-06
-2.307600e+04
-1.398030e-01
1.402090e-07
-1.277680e+03
7.852640e-06
1.811030e-07
-1.165780e+03
2.046150e-05
2.164000e-06
-1.421450e+04
1.691510e-04
-2.771040e-04
-7.913580e+04
5.955700e-24
0.000000e+00
-9.125090e+05
0.000000e+00
5.821270e-11
-2.100440e-01
1.424590e-09
1.073660e-10
-1.498680e-01
2.129610e-09
2.359760e-11
-1.006590e-01
1.740560e-09
1.062680e-10
-5.295380e-02
1.097440e-09
-2.853820e-11
1.026950e-02
-2.977850e-24
0.000000e+00
1.667400e-03
0.000000e+00
-2.226640e-13
2.496500e-03
7.311680e-17
2.199680e-11
-4.533000e-03
5.293500e-17
-5.231440e-09
3.533200e+00
7.151580e-08
-5.920900e-09
2.098820e+00
4.573980e-21
0.000000e+00
1.735560e-01
0.000000e+00
0.000000e+00
3.660750e-02
0.000000e+00
-8.820080e-12
1.244960e-01
3.261370e-15
3.207010e-07
2.409630e+00
1.022490e-13
-6.757060e-06
2.445220e+04
5.421260e-04
-2.336690e-07
1.574430e+03
-1.756410e-17
0.000000e+00
2.294440e+02
0.000000e+00
0.000000e+00
4.821880e+01
0.000000e+00
-6.384210e-12
9.200570e-02
2.093700e-15
1.828740e-08
1.306610e-01
5.467320e-15
-3.435650e-06
1.944840e+04
4.288900e-04
-6.683550e-07
1.415190e+03
0.000000e+00
0.000000e+00
1.632940e+02
0.000000e+00
0.000000e+00
3.429800e+01
0.000000e+00
-2.028180e-12
1.971790e-03
6.560830e-17
-1.880920e-11
-4.984710e-03
4.219920e-17
-1.334040e-08
3.476400e+00
8.192110e-08
-3.120850e-09
2.090520e+00
-2.439450e-20
0.000000e+00
9.982200e-02
0.000000e+00
0.000000e+00
2.114700e-02
0.000000e+00
2.480010e-12
-9.560740e-02
2.049690e-09
2.414650e-11
-4.614640e-02
2.951300e-09
-8.515330e-13
1.678620e-02
1.588250e-09
-1.809740e-10
7.273000e-02
-1.905820e-22
0.000000e+00
7.909460e-03
0.000000e+00
0.000000e+00
1.688310e-03
0.000000e+00
3.697480e-12
-9.554090e-02
1.939990e-09
1.033140e-10
-6.281000e-02
3.264050e-09
-5.540770e-11
1.081120e-02
1.710300e-09
-2.339730e-10
7.176060e-02
-7.861520e-22
0.000000e+00
5.952490e-03
0.000000e+00
0.000000e+00
1.272930e-03
0.000000e+00
4.212690e-06
-2.255300e+04
-7.266960e-02
1.761680e-07
-1.295920e+03
1.508570e-05
1.069610e-07
-1.073480e+03
2.875570e-05
-1.179800e-04
-1.409490e+04
-1.487010e-17
0.000000e+00
-1.472470e+05
0.000000e+00
0.000000e+00
-9.149950e+05
0.000000e+00
-8.731730e-12
-1.140650e-01
2.287770e-09
-7.224630e-11
-5.399050e-02
2.708620e-09
3.657530e-11
2.004030e-02
1.678830e-09
-2.589950e-10
6.635230e-02
-2.382280e-23
0.000000e+00
7.503410e-03
0.000000e+00
0.000000e+00
1.596690e-03
0.000000e+00
-3.738020e-11
-3.156920e-03
1.831930e-17
6.378650e-10
-7.700230e-02
2.023960e-09
-5.611060e-09
3.586320e+00
1.593600e-08
5.861310e-10
1.053000e+00
-7.522370e-23
0.000000e+00
1.754340e-01
0.000000e+00
0.000000e+00
3.717720e-02
0.000000e+00
1.862030e-08
9.621080e-02
6.407520e-15
-2.122510e-07
2.688410e+02
-1.908590e-05
-3.098290e-05
2.349170e+04
5.770690e-05
6.962040e-07
1.613000e+03
0.000000e+00
0.000000e+00
2.336010e+02
0.000000e+00
0.000000e+00
4.909050e+01
0.000000e+00
1.769960e-08
8.838490e-02
6.068310e-15
-1.074390e-07
3.032400e+02
-1.726290e-05
-1.882820e-05
1.876290e+04
6.875560e-05
4.535570e-07
1.187990e+03
0.000000e+00
0.000000e+00
1.665300e+02
0.000000e+00
0.000000e+00
3.492370e+01
0.000000e+00
-9.882140e-11
-3.689130e-03
-1.298510e-18
3.171170e-10
-1.027950e-01
3.896410e-10
-3.482140e-09
3.597170e+00
2.210160e-08
3.162950e-10
6.055280e-01
0.000000e+00
0.000000e+00
1.008350e-01
0.000000e+00
0.000000e+00
2.144190e-02
0.000000e+00
7.839230e-11
-1.775320e-03
2.474560e-09
3.108720e-10
1.240630e-01
2.644010e-09
-1.687750e-10
1.326130e-01
4.489810e-10
1.452920e-11
3.535490e-02
0.000000e+00
0.000000e+00
7.829420e-03
0.000000e+00
0.000000e+00
1.642030e-03
0.000000e+00
1.875610e-10
-2.650070e-03
2.882120e-09
2.989840e-12
1.088720e-01
1.988710e-09
-1.013030e-11
1.241120e-01
9.433400e-10
1.198030e-11
2.337830e-02
0.000000e+00
0.000000e+00
5.849990e-03
0.000000e+00
0.000000e+00
1.219390e-03
0.000000e+00
4.761300e-06
-2.171470e+04
-2.239660e-04
4.630130e-08
-1.360990e+03
2.869690e-05
-1.176820e-05
-1.090690e+03
1.069080e-05
-1.015260e-05
-3.158990e+04
-1.844820e-18
0.000000e+00
-1.397270e+05
0.000000e+00
0.000000e+00
-9.315970e+05
0.000000e+00
3.469270e-10
-2.242250e-02
3.768810e-09
7.089030e-12
1.204050e-01
1.686130e-09
-1.879300e-10
1.359460e-01
4.844550e-10
1.259670e-11
3.501710e-02
0.000000e+00
0.000000e+00
7.434730e-03
0.000000e+00
0.000000e+00
1.549190e-03
0.000000e+00
4.643100e-11
-4.376050e-02
7.051740e-10
-4.686840e-10
2.051930e-01
-4.821180e-10
1.031500e-09
3.066890e+00
3.811650e-22
0.000000e+00
1.043470e+00
0.000000e+00
0.000000e+00
1.812010e-01
0.000000e+00
0.000000e+00
3.832100e-02
0.000000e+00
-1.919010e-08
1.690030e+01
-2.804640e-07
3.301950e-07
7.451110e+01
-1.071610e-06
5.669790e-06
1.490470e+04
-6.245000e-18
0.000000e+00
1.631390e+03
0.000000e+00
0.000000e+00
2.435930e+02
0.000000e+00
0.000000e+00
5.073920e+01
0.000000e+00
-1.840400e-08
1.878330e+01
-2.950150e-07
3.759810e-07
9.268580e+01
-1.299620e-06
-8.012520e-07
1.177120e+04
3.122500e-18
0.000000e+00
1.199980e+03
0.000000e+00
0.000000e+00
1.739930e+02
0.000000e+00
0.000000e+00
3.610300e+01
0.000000e+00
1.190700e-10
-7.484160e-02
1.395900e-09
-2.492850e-10
1.954540e-01
-5.657740e-10
-5.968280e-10
2.999600e+00
-3.811650e-21
0.000000e+00
6.020580e-01
0.000000e+00
0.000000e+00
1.041410e-01
0.000000e+00
0.000000e+00
2.206660e-02
0.000000e+00
-1.269480e-10
2.178280e-01
4.102800e-10
-4.428790e-10
2.373370e-01
1.071410e-11
-4.303730e-11
1.130470e-01
7.146840e-23
0.000000e+00
3.507290e-02
0.000000e+00
0.000000e+00
7.911370e-03
0.000000e+00
0.000000e+00
1.620340e-03
0.000000e+00
-2.368420e-10
2.156310e-01
3.515330e-10
-2.993170e-10
2.221160e-01
2.454080e-11
-1.892170e-10
1.303470e-01
-2.382280e-23
0.000000e+00
2.325620e-02
0.000000e+00
0.000000e+00
5.865620e-03
0.000000e+00
0.000000e+00
1.183990e-03
0.000000e+00
5.163000e-06
-2.105860e+04
-4.571900e-05
1.710710e-07
-1.499070e+03
6.947730e-08
-7.533930e-06
-2.218850e+03
3.049320e-21
0.000000e+00
-3.120510e+04
0.000000e+00
0.000000e+00
-1.375160e+05
0.000000e+00
0.000000e+00
-9.420550e+05
0.000000e+00
-3.783000e-10
1.980910e-01
3.171270e-10
-1.050510e-10
2.365980e-01
1.163590e-11
-5.394320e-11
1.161410e-01
-2.382280e-23
0.000000e+00
3.474440e-02
0.000000e+00
0.000000e+00
7.522010e-03
0.000000e+00
0.000000e+00
1.525050e-03
0.000000e+00
2.020060e-09
-1.341720e+01
2.527690e-07
3.811790e-08
-2.523510e+01
3.498600e-07
-2.949730e-09
3.332220e+00
-3.811650e-22
0.000000e+00
2.568880e-01
0.000000e+00
0.000000e+00
1.549730e-02
0.000000e+00
0.000000e+00
1.577530e-03
0.000000e+00
1.298940e-09
-8.633030e+00
1.006040e-07
1.240660e-08
3.717120e+01
-3.320460e-07
-4.763330e-08
-1.271610e+01
0.000000e+00
0.000000e+00
-2.229330e+00
0.000000e+00
0.000000e+00
-1.304880e-01
0.000000e+00
0.000000e+00
-1.315910e-02
0.000000e+00
2.621680e-09
-1.312080e+01
2.546050e-07
9.643330e-09
-2.072780e+01
2.391030e-07
-8.189490e-09
7.004420e+00
-2.286990e-21
0.000000e+00
3.354490e-01
0.000000e+00
0.000000e+00
2.032180e-02
0.000000e+00
0.000000e+00
2.074130e-03
0.000000e+00
2.372700e-09
-1.358710e+01
2.613620e-07
1.517970e-08
-2.365310e+01
2.786050e-07
-5.625870e-09
5.235680e+00
0.000000e+00
0.000000e+00
3.224200e-01
0.000000e+00
0.000000e+00
1.947860e-02
0.000000e+00
0.000000e+00
1.985560e-03
0.000000e+00
3.434270e-10
-1.629530e+00
3.022580e-08
3.931400e-09
-5.955170e-01
1.933450e-08
-3.067160e-10
1.165310e-01
0.000000e+00
0.000000e+00
8.859480e-03
0.000000e+00
0.000000e+00
5.984430e-04
0.000000e+00
0.000000e+00
6.056210e-05
0.000000e+00
6.767300e-10
-1.409190e+00
2.966680e-08
4.623400e-09
-1.201110e+00
2.662110e-08
-5.530380e-10
2.310010e-01
4.764560e-23
0.000000e+00
1.770080e-02
0.000000e+00
0.000000e+00
1.144660e-03
0.000000e+00
0.000000e+00
1.164990e-04
0.000000e+00
-4.702660e-09
7.820450e+00
-2.597950e-07
2.984330e-07
1.074830e+02
-6.905260e-08
4.358430e-06
3.747930e+03
2.245780e-19
0.000000e+00
3.818100e+04
0.000000e+00
0.000000e+00
3.630160e+05
0.000000e+00
0.000000e+00
7.689090e+05
0.000000e+00
1.057510e-09
-3.504540e+00
6.578090e-08
2.482000e-10
-3.598830e-02
2.685170e-09
-4.389840e-10
1.170850e-01
-2.382280e-23
0.000000e+00
9.153060e-03
0.000000e+00
0.000000e+00
6.258800e-04
0.000000e+00
0.000000e+00
6.375390e-05
0.000000e+00
1.460030e-08
-1.445000e+01
4.572740e-07
-5.049990e-08
2.421010e+01
1.219730e-20
0.000000e+00
3.226000e+00
0.000000e+00
0.000000e+00
2.647040e-01
0.000000e+00
0.000000e+00
1.633520e-02
0.000000e+00
0.000000e+00
1.560690e-03
0.000000e+00
7.262920e-09
-1.172540e+01
3.578520e-07
-8.028330e-07
1.423120e+02
-2.927350e-19
0.000000e+00
-3.090170e+01
0.000000e+00
0.000000e+00
-2.313220e+00
0.000000e+00
0.000000e+00
-1.387030e-01
0.000000e+00
0.000000e+00
-1.371710e-02
0.000000e+00
9.244450e-09
-1.350350e+01
4.124830e-07
-3.070580e-08
1.900800e+01
1.829590e-20
0.000000e+00
4.076920e+00
0.000000e+00
0.000000e+00
3.447510e-01
0.000000e+00
0.000000e+00
2.142650e-02
0.000000e+00
0.000000e+00
2.074680e-03
0.000000e+00
1.462560e-08
-1.438580e+01
4.638460e-07
-3.209350e-08
2.334250e+01
0.000000e+00
0.000000e+00
3.976040e+00
0.000000e+00
0.000000e+00
3.317360e-01
0.000000e+00
0.000000e+00
2.054260e-02
0.000000e+00
0.000000e+00
1.983160e-03
0.000000e+00
4.969890e-09
-1.295120e+00
6.973470e-08
-5.241420e-09
6.641450e-01
7.623300e-22
0.000000e+00
1.154030e-01
0.000000e+00
0.000000e+00
9.091510e-03
0.000000e+00
0.000000e+00
5.561110e-04
0.000000e+00
0.000000e+00
-1.084460e-05
0.000000e+00
3.170340e-09
-9.117720e-01
5.084930e-08
-7.094810e-09
1.204060e+00
-7.623300e-22
0.000000e+00
2.263160e-01
0.000000e+00
0.000000e+00
1.820980e-02
0.000000e+00
0.000000e+00
1.133510e-03
0.000000e+00
0.000000e+00
4.707600e-05
0.000000e+00
1.546400e-08
2.053950e+00
5.188520e-08
3.271610e-07
4.697670e+02
-2.901620e-20
0.000000e+00
2.967340e+03
0.000000e+00
0.000000e+00
2.979190e+04
0.000000e+00
0.000000e+00
3.649480e+05
0.000000e+00
0.000000e+00
7.733770e+05
0.000000e+00
4.763390e-09
-3.432990e+00
1.198020e-07
-1.571640e-10
2.538880e-01
0.000000e+00
0.000000e+00
1.095050e-01
0.000000e+00
0.000000e+00
9.340500e-03
0.000000e+00
0.000000e+00
5.838310e-04
0.000000e+00
0.000000e+00
-7.572590e-06
0.000000e+00
-2.372320e-08
3.538780e+01
-6.098640e-21
-2.310320e-08
1.877320e+01
4.878910e-20
0.000000e+00
3.289740e+00
0.000000e+00
0.000000e+00
2.860760e-01
0.000000e+00
0.000000e+00
1.833800e-02
0.000000e+00
0.000000e+00
1.618430e-03
0.000000e+00
-2.128250e-08
3.513770e+01
-6.098640e-21
1.156390e-06
-2.848420e+02
1.936190e-07
0.000000e+00
-3.250680e+01
0.000000e+00
0.000000e+00
-2.534710e+00
0.000000e+00
0.000000e+00
-1.573600e-01
0.000000e+00
0.000000e+00
-1.491650e-02
0.000000e+00
-1.892170e-08
3.637730e+01
1.219730e-20
-6.019450e-09
1.459200e+01
-1.219730e-20
0.000000e+00
4.076190e+00
0.000000e+00
0.000000e+00
3.707210e-01
0.000000e+00
0.000000e+00
2.403550e-02
0.000000e+00
0.000000e+00
2.172770e-03
0.000000e+00
-2.348560e-08
3.632740e+01
0.000000e+00
-1.691290e-08
1.766890e+01
1.170940e-18
0.000000e+00
4.010130e+00
0.000000e+00
0.000000e+00
3.575180e-01
0.000000e+00
0.000000e+00
2.305990e-02
0.000000e+00
0.000000e+00
2.074420e-03
0.000000e+00
-7.558200e-09
4.260730e+00
-7.623300e-22
0.000000e+00
6.345620e-01
0.000000e+00
0.000000e+00
1.174410e-01
0.000000e+00
0.000000e+00
9.795240e-03
0.000000e+00
0.000000e+00
5.540630e-04
0.000000e+00
0.000000e+00
-7.977270e-05
0.000000e+00
-5.511340e-09
3.280930e+00
0.000000e+00
0.000000e+00
1.121080e+00
0.000000e+00
0.000000e+00
2.292660e-01
0.000000e+00
0.000000e+00
1.963880e-02
0.000000e+00
0.000000e+00
1.202420e-03
0.000000e+00
0.000000e+00
-1.724820e-05
0.000000e+00
1.764750e-08
2.533470e+01
0.000000e+00
0.000000e+00
4.769300e+02
0.000000e+00
0.000000e+00
2.893310e+03
0.000000e+00
0.000000e+00
2.957290e+04
0.000000e+00
0.000000e+00
4.065730e+05
0.000000e+00
0.000000e+00
7.594990e+05
0.000000e+00
-1.052800e-08
1.045160e+01
1.524660e-21
0.000000e+00
2.647270e-01
0.000000e+00
0.000000e+00
1.083820e-01
0.000000e+00
0.000000e+00
9.954400e-03
0.000000e+00
0.000000e+00
5.823530e-04
0.000000e+00
0.000000e+00
-7.631670e-05
0.000000e+00
0.000000e+00
3.992544e-320
4.763340e-09
-1.051750e-14
5.744150e-05
4.332800e-09
2.347540e-13
5.201670e-05
-4.304030e-05
1.604070e-13
-6.532090e-03
4.279520e-07
2.240050e-13
6.558080e-05
6.291500e-09
1.851980e-12
9.298540e-07
0.000000e+00
3.287800e-10
0.000000e+00
5.164560e-09
8.402910e-17
6.227990e-05
5.049170e-09
8.527480e-17
6.061720e-05
6.896190e-03
4.305840e-05
1.075600e+00
1.050550e-09
2.393280e-12
1.362680e-06
5.066910e-09
3.300870e-12
7.488660e-07
0.000000e+00
3.287580e-10
0.000000e+00
4.803180e-09
2.668960e-16
5.792200e-05
4.239090e-09
-1.838310e-14
5.089150e-05
6.470900e-03
9.447780e-06
1.009340e+00
2.928920e-07
1.850110e-13
4.562270e-05
3.084990e-09
8.588450e-12
4.559470e-07
0.000000e+00
3.286820e-10
0.000000e+00
4.797510e-09
2.037810e-14
5.785360e-05
4.947660e-09
-3.218450e-17
5.939880e-05
-4.870460e-05
4.545620e-13
-7.391850e-03
1.872180e-07
4.748800e-13
2.962990e-05
5.299090e-09
2.973390e-12
7.831800e-07
0.000000e+00
3.287630e-10
0.000000e+00
-2.704390e-07
8.446040e-14
-3.956280e-05
-2.198020e-07
4.612440e-14
-3.169320e-05
-2.583480e-07
1.554360e-13
-3.671730e-05
-1.114070e-07
1.149770e-13
-1.559840e-05
1.542280e-09
5.022670e-12
2.155980e-07
0.000000e+00
3.287190e-10
0.000000e+00
-3.022880e-07
4.682150e-14
-4.422250e-05
-1.528880e-07
6.256370e-13
-2.204480e-05
-2.942690e-07
4.265710e-13
-4.182500e-05
-1.632870e-07
1.062430e-12
-2.286850e-05
1.424300e-09
5.811460e-12
1.991070e-07
0.000000e+00
3.287070e-10
0.000000e+00
-1.806860e-07
1.754120e-13
-1.093810e+00
-1.807320e-07
1.832050e-14
-2.605830e-05
-2.065170e-07
8.644580e-13
-2.935150e-05
-8.568470e-08
8.236800e-13
-1.199720e-05
1.842210e-09
3.423140e-12
2.575280e-07
0.000000e+00
3.287420e-10
0.000000e+00
-2.509170e-07
2.473440e-13
-3.670720e-05
-2.721150e-07
7.369350e-13
-3.924000e-05
-2.253650e-07
6.768890e-14
-3.202850e-05
-1.036910e-07
7.102900e-13
-1.451950e-05
1.200890e-09
7.813750e-12
1.678760e-07
0.000000e+00
3.286780e-10
0.000000e+00
-6.955600e-10
2.806120e-14
-8.569840e-06
-4.474110e-09
-2.281130e-13
-5.371740e-05
4.216620e-05
5.082040e-13
6.400290e-03
2.760310e-07
4.142790e-12
4.093120e-05
0.000000e+00
2.659680e-10
0.000000e+00
0.000000e+00
-7.044330e-11
0.000000e+00
-1.486600e-09
1.715020e-13
-1.809100e-05
-5.189140e-09
5.090100e-13
-6.230220e-05
3.161690e-05
9.405800e-13
4.799500e-03
4.011700e-07
-5.100120e-13
5.948760e-05
0.000000e+00
2.645530e-10
0.000000e+00
0.000000e+00
-7.044330e-11
0.000000e+00
-5.200520e-10
0.000000e+00
-6.463150e-06
-4.384840e-09
1.042260e-13
-5.264580e-05
4.674060e-05
1.691460e-13
7.095050e-03
4.402760e-07
1.231660e-12
6.528630e-05
0.000000e+00
2.593830e-10
0.000000e+00
0.000000e+00
-7.044330e-11
0.000000e+00
-1.208500e-09
2.592350e-13
-1.473360e-05
-5.080800e-09
2.978130e-13
-6.100140e-05
4.783150e-05
-8.285690e-14
7.260400e-03
4.356530e-07
9.987580e-13
6.460090e-05
0.000000e+00
2.649110e-10
0.000000e+00
0.000000e+00
-7.044330e-11
0.000000e+00
1.132410e-07
-7.100110e-14
1.684080e-05
7.462190e-08
7.128060e-14
1.102790e-05
1.794590e-07
2.042780e-14
2.566000e-05
1.156710e-07
3.275260e-12
1.620360e-05
0.000000e+00
2.628630e-10
0.000000e+00
0.000000e+00
-7.033400e-11
0.000000e+00
1.731770e-07
-4.478540e-14
2.556090e-05
-2.577370e-08
1.895400e-13
-3.394590e-06
2.363420e-07
-3.847210e-13
3.371180e-05
1.670370e-07
2.472060e-13
2.339900e-05
0.000000e+00
2.621090e-10
0.000000e+00
0.000000e+00
-7.033400e-11
0.000000e+00
5.433000e-08
2.661430e-13
-5.899750e-01
1.153440e-08
3.488970e-13
1.972720e-06
1.520410e-07
-2.608340e-13
2.171730e-05
8.806640e-08
4.862490e-12
1.233660e-05
0.000000e+00
2.643870e-10
0.000000e+00
0.000000e+00
-7.033400e-11
0.000000e+00
1.404850e-07
-2.014910e-13
2.074560e-05
-1.090140e-08
-7.204150e-13
-1.062830e-06
1.425810e-07
3.054520e-13
2.042580e-05
1.071040e-07
3.284510e-12
1.500350e-05
0.000000e+00
2.600930e-10
0.000000e+00
0.000000e+00
-7.033400e-11
0.000000e+00
-3.926480e-09
6.333750e-13
-4.717100e-05
-1.410790e-07
1.363150e-12
-2.105720e-05
1.568300e-07
4.961930e-12
2.335920e-05
0.000000e+00
1.984950e-10
0.000000e+00
0.000000e+00
-4.345450e-11
0.000000e+00
0.000000e+00
-4.706240e-11
0.000000e+00
-3.537990e-09
5.111340e-13
-4.250390e-05
-2.475860e-07
9.513580e-13
-3.695430e-05
2.732740e-07
4.132220e-13
4.066680e-05
0.000000e+00
2.053780e-10
0.000000e+00
0.000000e+00
-4.351820e-11
0.000000e+00
0.000000e+00
-4.706240e-11
0.000000e+00
-4.137370e-09
5.789250e-13
-4.970460e-05
-2.131160e-07
4.969360e-13
-3.180880e-05
3.190230e-07
1.035200e-12
4.747820e-05
0.000000e+00
2.075970e-10
0.000000e+00
0.000000e+00
-4.354360e-11
0.000000e+00
0.000000e+00
-4.706240e-11
0.000000e+00
-3.455870e-09
7.231540e-13
-4.151740e-05
-2.924650e-07
2.231060e-13
-4.365330e-05
2.358530e-07
2.337640e-12
3.512540e-05
0.000000e+00
2.025880e-10
0.000000e+00
0.000000e+00
-4.347200e-11
0.000000e+00
0.000000e+00
-4.706240e-11
0.000000e+00
-5.846310e-08
2.415770e-13
-8.076670e-06
6.882660e-08
2.196440e-12
9.940350e-06
8.187370e-08
3.128630e-12
1.149470e-05
0.000000e+00
2.042130e-10
0.000000e+00
0.000000e+00
-4.339360e-11
0.000000e+00
0.000000e+00
-4.723690e-11
0.000000e+00
-6.480970e-08
5.990500e-13
-9.028610e-06
1.169860e-07
6.086690e-13
1.677080e-05
5.997960e-08
5.329300e-12
8.424010e-06
0.000000e+00
2.025690e-10
0.000000e+00
0.000000e+00
-4.334040e-11
0.000000e+00
0.000000e+00
-4.723690e-11
0.000000e+00
-4.275990e-08
2.465590e-13
-5.889410e-06
9.879500e-08
1.161360e-12
1.420210e-05
5.484090e-08
5.514560e-12
7.703380e-06
0.000000e+00
2.051480e-10
0.000000e+00
0.000000e+00
-4.344050e-11
0.000000e+00
0.000000e+00
-9.702000e-02
0.000000e+00
-2.241420e-07
1.062990e-12
-3.180670e-05
2.132680e-07
1.856950e-13
3.050670e-05
8.657100e-08
2.594100e-12
1.215430e-05
0.000000e+00
2.054820e-10
0.000000e+00
0.000000e+00
-4.342040e-11
0.000000e+00
0.000000e+00
-4.723690e-11
0.000000e+00
-2.046070e-09
-6.360590e-13
-3.054070e-07
1.409870e-07
-1.281570e-12
2.104490e-05
9.048300e-09
-4.947430e-12
1.319020e-06
0.000000e+00
-1.973970e-10
0.000000e+00
0.000000e+00
-2.192970e-10
0.000000e+00
0.000000e+00
-2.225930e-10
0.000000e+00
-3.593260e-09
-6.597490e-13
-5.363490e-07
2.477770e-07
-1.427500e-12
3.698460e-05
3.492530e-09
-1.187550e-12
5.091240e-07
0.000000e+00
-2.019970e-10
0.000000e+00
0.000000e+00
-2.192970e-10
0.000000e+00
0.000000e+00
-2.225930e-10
0.000000e+00
-3.077660e-09
-5.675990e-13
-4.593880e-07
2.121910e-07
-5.405960e-13
3.167290e-05
5.244620e-09
-6.125420e-13
7.645350e-07
0.000000e+00
-2.036050e-10
0.000000e+00
0.000000e+00
-2.192970e-10
0.000000e+00
0.000000e+00
-2.225930e-10
0.000000e+00
-4.258660e-09
-9.718690e-13
-6.356700e-07
2.935430e-07
-5.227260e-13
4.381630e-05
1.225200e-08
-2.081110e-12
1.786040e-06
0.000000e+00
-1.984990e-10
0.000000e+00
0.000000e+00
-2.192970e-10
0.000000e+00
0.000000e+00
-2.225930e-10
0.000000e+00
2.056320e-07
-2.355140e-13
2.935310e-05
7.655840e-08
-2.258010e-12
1.076910e-05
1.033290e-09
-2.298940e-12
1.432070e-07
0.000000e+00
-2.023830e-10
0.000000e+00
0.000000e+00
-2.194280e-10
0.000000e+00
0.000000e+00
-2.225130e-10
0.000000e+00
1.858390e-07
-5.721720e-13
2.652750e-05
5.999730e-08
-1.345780e-12
8.439560e-06
2.534410e-09
-4.626640e-12
3.512530e-07
0.000000e+00
-1.985070e-10
0.000000e+00
0.000000e+00
-2.194280e-10
0.000000e+00
0.000000e+00
-2.225130e-10
0.000000e+00
1.591510e-07
-6.387650e-13
2.271860e-05
7.284140e-08
-1.504740e-12
1.024630e-05
2.937430e-09
-5.351560e-12
4.071100e-07
0.000000e+00
-2.052740e-10
0.000000e+00
0.000000e+00
-2.194280e-10
0.000000e+00
0.000000e+00
-9.702760e-02
0.000000e+00
3.231830e-07
-1.086710e-12
4.613170e-05
7.161410e-08
-1.650000e-13
1.007360e-05
1.123270e-09
-1.975560e-12
1.556790e-07
0.000000e+00
-2.041800e-10
0.000000e+00
0.000000e+00
-2.194280e-10
0.000000e+00
0.000000e+00
-2.225130e-10
0.000000e+00
-9.226290e-08
3.353430e-14
-1.303210e-05
-2.998160e-06
4.665650e-13
-4.141300e-04
1.340960e-07
3.592040e-12
1.852320e-05
0.000000e+00
7.631290e-11
0.000000e+00
0.000000e+00
7.327690e-11
0.000000e+00
0.000000e+00
7.001790e-11
0.000000e+00
-1.242130e-07
1.158310e-13
-1.754470e-05
-1.978540e-06
1.329610e-13
-2.732780e-04
2.054090e-07
2.095430e-12
2.837390e-05
0.000000e+00
7.637680e-11
0.000000e+00
0.000000e+00
7.327690e-11
0.000000e+00
0.000000e+00
7.001790e-11
0.000000e+00
-1.215870e-07
3.798890e-13
-1.717290e-05
-1.256020e-06
8.550430e-14
-1.734720e-04
2.626110e-07
1.407260e-12
3.627550e-05
0.000000e+00
7.640600e-11
0.000000e+00
0.000000e+00
7.327690e-11
0.000000e+00
0.000000e+00
7.001790e-11
0.000000e+00
-9.677680e-08
1.483790e-13
-1.366750e-05
-2.040940e-06
1.538420e-13
-2.818980e-04
2.153690e-07
1.948920e-12
2.974980e-05
0.000000e+00
7.638300e-11
0.000000e+00
0.000000e+00
7.327690e-11
0.000000e+00
0.000000e+00
7.001790e-11
0.000000e+00
-4.729520e-08
1.011520e-13
-6.680740e-06
-3.481820e-08
2.130850e-12
-4.800990e-06
2.988070e-09
2.684340e-11
4.127550e-07
0.000000e+00
7.532710e-11
0.000000e+00
0.000000e+00
7.327690e-11
0.000000e+00
0.000000e+00
7.001790e-11
0.000000e+00
-5.094060e-08
5.003130e-13
-7.194720e-06
-5.163350e-08
1.254180e-12
-7.120620e-06
5.743770e-09
2.254830e-11
7.934100e-07
0.000000e+00
7.551020e-11
0.000000e+00
0.000000e+00
7.327690e-11
0.000000e+00
0.000000e+00
7.001790e-11
0.000000e+00
-5.737140e-08
6.784010e-13
-8.101240e-06
1.404440e-09
4.837940e-13
2.117070e-07
3.222340e-09
2.635580e-11
4.451140e-07
0.000000e+00
7.535060e-11
0.000000e+00
0.000000e+00
7.327690e-11
0.000000e+00
0.000000e+00
5.222540e-02
0.000000e+00
-8.197670e-08
7.350840e-13
-1.157920e-05
1.169450e-09
6.133660e-13
1.776430e-07
3.875050e-09
2.525870e-11
5.352770e-07
0.000000e+00
7.539670e-11
0.000000e+00
0.000000e+00
7.327690e-11
0.000000e+00
0.000000e+00
7.001790e-11
0.000000e+00
-2.176390e-06
8.372020e-14
-3.003650e-04
2.894410e-06
6.640320e-14
3.998160e-04
0.000000e+00
4.112430e-11
0.000000e+00
0.000000e+00
-2.927110e-11
0.000000e+00
0.000000e+00
-2.930990e-11
0.000000e+00
0.000000e+00
-2.993730e-11
0.000000e+00
-1.512940e-06
-7.043720e-14
-2.086270e-04
1.609330e-05
9.280840e-13
2.223030e-03
0.000000e+00
4.256310e-11
0.000000e+00
0.000000e+00
-2.927110e-11
0.000000e+00
0.000000e+00
-2.930990e-11
0.000000e+00
0.000000e+00
-2.993730e-11
0.000000e+00
-2.047530e-06
-3.165820e-13
-2.824830e-04
1.013170e-06
1.942770e-12
1.399530e-04
0.000000e+00
4.320950e-11
0.000000e+00
0.000000e+00
-2.927110e-11
0.000000e+00
0.000000e+00
-2.930990e-11
0.000000e+00
0.000000e+00
-2.993730e-11
0.000000e+00
-2.368520e-06
-3.223020e-14
-3.268990e-04
1.850700e-06
8.672570e-13
2.556440e-04
0.000000e+00
4.270310e-11
0.000000e+00
0.000000e+00
-2.927110e-11
0.000000e+00
0.000000e+00
-2.930990e-11
0.000000e+00
0.000000e+00
-2.993730e-11
0.000000e+00
-3.578900e-08
4.127670e-13
-4.804610e-06
3.584050e-08
1.029270e-11
4.950790e-06
0.000000e+00
1.861680e-11
0.000000e+00
0.000000e+00
-2.927110e-11
0.000000e+00
0.000000e+00
-2.930990e-11
0.000000e+00
0.000000e+00
-2.993730e-11
0.000000e+00
-1.116240e-08
-7.817680e-15
-1.395540e-06
5.137770e-08
9.816150e-12
7.097010e-06
0.000000e+00
2.278400e-11
0.000000e+00
0.000000e+00
-2.927110e-11
0.000000e+00
0.000000e+00
-2.930990e-11
0.000000e+00
0.000000e+00
-2.993730e-11
0.000000e+00
-3.654010e-08
-2.424390e-13
-4.888830e-06
3.091080e-09
2.010350e-11
4.269830e-07
0.000000e+00
1.902980e-11
0.000000e+00
0.000000e+00
-2.927110e-11
0.000000e+00
0.000000e+00
-2.930990e-11
0.000000e+00
0.000000e+00
5.222360e-02
0.000000e+00
-9.869840e-08
-5.424980e-13
-1.339420e-05
1.968570e-09
2.160180e-11
2.719260e-07
0.000000e+00
2.005170e-11
0.000000e+00
0.000000e+00
-2.927110e-11
0.000000e+00
0.000000e+00
-2.930990e-11
0.000000e+00
0.000000e+00
-2.993730e-11
0.000000e+00
2.238320e-06
-1.095500e-13
3.091890e-04
-1.209720e-11
1.121860e-13
-1.671030e-09
0.000000e+00
-4.392330e-11
0.000000e+00
0.000000e+00
-4.396180e-11
0.000000e+00
0.000000e+00
-4.396570e-11
0.000000e+00
0.000000e+00
-4.460790e-11
0.000000e+00
1.721730e-06
-3.139420e-14
2.378290e-04
-1.440470e-05
-4.073430e-13
-1.989790e-03
0.000000e+00
-4.394420e-11
0.000000e+00
0.000000e+00
-4.396180e-11
0.000000e+00
0.000000e+00
-4.396570e-11
0.000000e+00
0.000000e+00
-4.460790e-11
0.000000e+00
2.149360e-06
-4.161810e-14
2.969000e-04
-4.373070e-12
-1.399050e-12
-6.040700e-10
0.000000e+00
-4.391480e-11
0.000000e+00
0.000000e+00
-4.396180e-11
0.000000e+00
0.000000e+00
-4.396570e-11
0.000000e+00
0.000000e+00
-4.460790e-11
0.000000e+00
2.440180e-06
-1.044380e-13
3.370710e-04
-7.837310e-12
-3.664330e-13
-1.082600e-09
0.000000e+00
-4.394250e-11
0.000000e+00
0.000000e+00
-4.396180e-11
0.000000e+00
0.000000e+00
-4.396570e-11
0.000000e+00
0.000000e+00
-4.460790e-11
0.000000e+00
7.907390e-08
-3.904180e-13
1.092280e-05
0.000000e+00
-1.163130e-11
0.000000e+00
0.000000e+00
-4.394420e-11
0.000000e+00
0.000000e+00
-4.396180e-11
0.000000e+00
0.000000e+00
-4.396570e-11
0.000000e+00
0.000000e+00
-4.460790e-11
0.000000e+00
5.661500e-08
-3.365070e-13
7.820460e-06
0.000000e+00
-1.036580e-11
0.000000e+00
0.000000e+00
-4.394420e-11
0.000000e+00
0.000000e+00
-4.396180e-11
0.000000e+00
0.000000e+00
-4.396570e-11
0.000000e+00
0.000000e+00
-4.460790e-11
0.000000e+00
8.619360e-08
-2.944250e-13
1.190630e-05
0.000000e+00
-1.976200e-11
0.000000e+00
0.000000e+00
-4.394420e-11
0.000000e+00
0.000000e+00
-4.396180e-11
0.000000e+00
0.000000e+00
4.479560e-02
0.000000e+00
0.000000e+00
-4.460790e-11
0.000000e+00
1.736620e-07
-8.397970e-14
2.398860e-05
0.000000e+00
-2.132780e-11
0.000000e+00
0.000000e+00
-4.394420e-11
0.000000e+00
0.000000e+00
-4.396180e-11
0.000000e+00
0.000000e+00
-4.396570e-11
0.000000e+00
0.000000e+00
-4.460790e-11
0.000000e+00
4.649990e-310
2.158573e-320
6.918720e-310
6.918720e-310
4.649990e-310
4.649990e-310
0.000000e+00
0.000000e+00
4.649990e-310
3.458460e-323
3.623820e-307
0.000000e+00
2.766768e-321
3.952525e-322
4.649990e-310
4.649990e-310
0.000000e+00
0.000000e+00
4.649990e-310
1.976263e-323
4.617530e-310
0.000000e+00
3.162020e-321
3.952525e-322
4.649990e-310
4.649990e-310
4.649990e-310
4.649990e-310
4.649990e-310
1.976263e-323
5.660290e-315
2.291790e+59
3.557273e-321
3.952525e-322
4.649990e-310
4.649990e-310
0.000000e+00
0.000000e+00
4.649990e-310
2.470328e-323
1.767910e-312
9.881313e-323
3.952525e-321
3.952525e-322
4.649990e-310
4.649990e-310
4.649990e-310
4.649990e-310
4.649990e-310
3.458460e-323
4.295700e-307
0.000000e+00
4.347778e-321
3.952525e-322
4.649990e-310
4.649990e-310
0.000000e+00
0.000000e+00
4.649990e-310
3.458460e-323
2.143940e-307
4.649990e-310
4.743030e-321
3.952525e-322
4.649990e-310
4.649990e-310
4.649990e-310
4.649990e-310
4.649990e-310
3.952525e-323
6.850520e+25
0.000000e+00
5.138283e-321
3.952525e-322
4.649990e-310
4.649990e-310
0.000000e+00
4.649990e-310
4.649990e-310
3.952525e-323
1.686960e+69
0.000000e+00
5.533535e-321
3.952525e-322
4.649990e-310
4.649990e-310
0.000000e+00
0.000000e+00
4.649990e-310
3.458460e-323
5.634180e-307
0.000000e+00
0.000000e+00
1.067676e-320
4.649990e-310
6.918720e-310
0.000000e+00
0.000000e+00
4.294820e-307
6.952970e-310
4.649990e-310
0.000000e+00
4.353670e+96
4.237270e-310
0.000000e+00
4.649990e-310
3.458460e-323
3.623820e-307
6.952970e-310
0.000000e+00
0.000000e+00
4.649990e-310
4.649990e-310
4.649990e-310
4.940656e-324
0.000000e+00
0.000000e+00
4.649990e-310
4.649990e-310
4.649990e-310
3.952525e-323
4.649990e-310
0.000000e+00
0.000000e+00
0.000000e+00
7.905050e-323
6.918720e-310
0.000000e+00
0.000000e+00
0.000000e+00
0.000000e+00
0.000000e+00
4.940656e-324
0.000000e+00
0.000000e+00
4.649990e-310
0.000000e+00
0.000000e+00
6.952970e-310
0.000000e+00
4.649990e-310
0.000000e+00
4.256140e-310
4.649990e-310
2.055313e-321
3.162020e-322
4.649990e-310
4.649990e-310
4.649990e-310
4.649990e-310
4.649990e-310
4.649990e-310
2.371515e-321
3.952525e-322
4.649990e-310
4.649990e-310
0.000000e+00
0.000000e+00
4.649990e-310
2.964394e-323
3.712290e-310
0.000000e+00
2.766768e-321
3.952525e-322
4.649990e-310
4.649990e-310
0.000000e+00
0.000000e+00
4.649990e-310
2.470328e-323
1.767910e-312
0.000000e+00
3.162020e-321
3.952525e-322
4.649990e-310
4.649990e-310
4.649990e-310
4.649990e-310
4.649990e-310
4.649990e-310
4.940656e-324
2.322109e-322
0.000000e+00
7.119486e-321
4.649990e-310
4.649990e-310
0.000000e+00
0.000000e+00
4.649990e-310
4.649990e-310
3.162020e-322
3.952525e-322
4.649990e-310
4.649990e-310
0.000000e+00
0.000000e+00
4.649990e-310
2.964394e-323
3.712280e-310
0.000000e+00
3.952525e-322
6.408031e-321
4.649990e-310
4.649990e-310
0.000000e+00
0.000000e+00
1.746110e-312
0.000000e+00
4.649990e-310
0.000000e+00
0.000000e+00
0.000000e+00
4.940656e-324
0.000000e+00
4.649990e-310
0.000000e+00
0.000000e+00
0.000000e+00
1.000000e+00
0.000000e+00
0.000000e+00
0.000000e+00
0.000000e+00
4.649990e-310
2.964394e-323
4.577410e-310
0.000000e+00
4.940656e-324
4.649990e-310
0.000000e+00
0.000000e+00
0.000000e+00
6.365990e-314
4.940656e-324
4.649990e-310
3.613500e-315
4.649990e-310
2.964394e-323
4.526270e-310
0.000000e+00
4.649990e-310
0.000000e+00
0.000000e+00
0.000000e+00
4.940656e-324
0.000000e+00
4.649990e-310
0.000000e+00
0.000000e+00
0.000000e+00
1.000000e+00
0.000000e+00
0.000000e+00
0.000000e+00
0.000000e+00
4.649990e-310
3.952525e-323
2.381980e+93
0.000000e+00
4.940656e-324
4.649990e-310
0.000000e+00
0.000000e+00
0.000000e+00
6.365990e-314
4.940656e-324
4.649990e-310
4.940656e-324
4.649990e-310
0.000000e+00
0.000000e+00
0.000000e+00
4.649990e-310
0.000000e+00
0.000000e+00
0.000000e+00
4.940656e-324
0.000000e+00
4.649990e-310
0.000000e+00
0.000000e+00
0.000000e+00
1.000000e+00
0.000000e+00
0.000000e+00
0.000000e+00
0.000000e+00
4.649990e-310
4.940656e-323
2.291790e+59
1.053200e-319
4.940656e-324
4.649990e-310
0.000000e+00
0.000000e+00
0.000000e+00
4.243990e-314
4.940656e-324
4.649990e-310
9.881313e-323
4.649990e-310
0.000000e+00
0.000000e+00
0.000000e+00
4.649990e-310
0.000000e+00
0.000000e+00
0.000000e+00
4.940656e-324
0.000000e+00
4.649990e-310
0.000000e+00
0.000000e+00
0.000000e+00
1.000000e+00
0.000000e+00
0.000000e+00
0.000000e+00
0.000000e+00
4.649990e-310
4.446591e-323
4.910610e+25
4.100745e-322
4.940656e-324
4.649990e-310
0.000000e+00
0.000000e+00
0.000000e+00
4.243990e-314
4.940656e-324
4.649990e-310
0.000000e+00
4.649990e-310
0.000000e+00
0.000000e+00
0.000000e+00
4.649990e-310
0.000000e+00
0.000000e+00
0.000000e+00
4.940656e-324
0.000000e+00
4.649990e-310
0.000000e+00
0.000000e+00
0.000000e+00
1.000000e+00
0.000000e+00
0.000000e+00
0.000000e+00
0.000000e+00
4.649990e-310
4.446591e-323
1.154850e+21
3.409053e-322
4.940656e-324
4.649990e-310
0.000000e+00
0.000000e+00
0.000000e+00
4.243990e-314
4.940656e-324
7.984101e-320
3.952525e-322
4.649990e-310
4.649990e-310
4.649990e-310
4.649990e-310
0.000000e+00
4.649990e-310
4.940656e-324
2.322109e-322
0.000000e+00
6.882334e-321
4.649990e-310
6.918720e-310
0.000000e+00
0.000000e+00
4.649990e-310
4.940656e-324
4.649990e-310
0.000000e+00
4.649990e-310
4.940656e-324
4.940656e-324
0.000000e+00
4.649990e-310
0.000000e+00
0.000000e+00
0.000000e+00
1.000000e+00
0.000000e+00
4.649990e-310
4.649990e-310
4.649990e-310
4.649990e-310
1.976263e-323
5.415160e-315
4.649990e-310
0.000000e+00
4.649990e-310
0.000000e+00
4.649990e-310
4.940656e-324
2.122000e-314
4.940656e-324
1.343859e-321
1.343859e-321
6.952970e-310
3.952525e-323
4.649990e-310
0.000000e+00
4.649990e-310
4.940656e-324
4.649990e-310
0.000000e+00
4.649990e-310
4.940656e-324
4.940656e-324
0.000000e+00
4.649990e-310
0.000000e+00
0.000000e+00
0.000000e+00
1.000000e+00
0.000000e+00
4.649990e-310
4.649990e-310
4.649990e-310
4.649990e-310
1.976263e-323
4.617520e-310
4.649990e-310
0.000000e+00
4.649990e-310
0.000000e+00
4.649990e-310
4.940656e-324
2.122000e-314
0.000000e+00
0.000000e+00
3.404112e-321
4.649990e-310
4.649990e-310
5.674300e-310
0.000000e+00
4.649990e-310
4.940656e-324
2.420922e-322
0.000000e+00
4.649990e-310
4.940656e-324
2.420922e-322
0.000000e+00
4.649990e-310
4.940656e-324
2.420922e-322
0.000000e+00
4.649990e-310
4.940656e-324
2.420922e-322
0.000000e+00
4.649990e-310
4.940656e-324
2.420922e-322
0.000000e+00
4.649990e-310
4.940656e-324
2.420922e-322
0.000000e+00
4.649990e-310
4.940656e-324
2.420922e-322
0.000000e+00
1.343859e-321
2.055313e-321
4.649990e-310
4.649990e-310
4.649990e-310
3.952525e-323
6.831620e+25
6.952970e-310
4.649990e-310
4.940656e-323
2.291790e+59
4.237270e-310
0.000000e+00
4.649990e-310
2.964394e-323
3.712290e-310
6.952970e-310
0.000000e+00
0.000000e+00
4.649990e-310
4.649990e-310
4.649990e-310
4.940656e-324
0.000000e+00
0.000000e+00
4.649990e-310
4.649990e-310
4.649990e-310
4.940656e-324
4.649990e-310
0.000000e+00
0.000000e+00
0.000000e+00
7.905050e-323
6.918720e-310
0.000000e+00
0.000000e+00
4.649990e-310
4.649990e-310
4.649990e-310
9.881313e-324
0.000000e+00
0.000000e+00
4.649990e-310
0.000000e+00
0.000000e+00
6.952970e-310
0.000000e+00
4.649990e-310
0.000000e+00
4.256140e-310
4.649990e-310
6.086889e-321
3.952525e-322
4.649990e-310
4.649990e-310
0.000000e+00
0.000000e+00
4.649990e-310
2.470328e-323
1.767910e-312
0.000000e+00
6.482141e-321
3.952525e-322
4.649990e-310
4.649990e-310
4.649990e-310
4.649990e-310
4.649990e-310
4.649990e-310
4.940656e-324
2.322109e-322
2.158079e-320
5.533535e-322
1.277320e+232
4.264110e+257
2.178450e+214
4.261370e+257
1.144480e+243
4.701040e+180
5.303530e+180
2.456500e+198
7.501900e+247
2.359010e+251
4.405710e-85
8.464010e-308
9.565110e-315
3.404112e-321
0.000000e+00
0.000000e+00
0.000000e+00
0.000000e+00
0.000000e+00
0.000000e+00
0.000000e+00
0.000000e+00
0.000000e+00
0.000000e+00
0.000000e+00
0.000000e+00
0.000000e+00
0.000000e+00
0.000000e+00
0.000000e+00
0.000000e+00
0.000000e+00
0.000000e+00
0.000000e+00
0.000000e+00
0.000000e+00
0.000000e+00
0.000000e+00
0.000000e+00
0.000000e+00
0.000000e+00
0.000000e+00
0.000000e+00
0.000000e+00
0.000000e+00
0.000000e+00
0.000000e+00
0.000000e+00
0.000000e+00
0.000000e+00
0.000000e+00
0.000000e+00
0.000000e+00
0.000000e+00
0.000000e+00
0.000000e+00
0.000000e+00
0.000000e+00
0.000000e+00
0.000000e+00
0.000000e+00
0.000000e+00
1.390690e-309
1.390690e-309
1.390690e-309
1.390690e-309
1.390690e-309
1.390690e-309
1.390690e-309
1.390690e-309
1.390690e-309
1.390690e-309
1.390690e-309
1.390690e-309
1.390690e-309
1.390690e-309
1.390690e-309
1.390690e-309
1.390690e-309
1.390690e-309
1.390690e-309
1.390690e-309
1.390690e-309
1.390690e-309
1.390690e-309
1.390690e-309
1.390690e-309
1.390690e-309
1.390690e-309
1.390690e-309
1.390690e-309
1.390690e-309
1.390690e-309
1.390690e-309
1.390690e-309
1.390690e-309
1.390690e-309
1.390690e-309
4.649990e-310
1.630417e-322
4.649990e-310
2.122000e-314
4.649990e-310
1.506900e-321
4.649990e-310
4.649990e-310
4.649990e-310
4.649990e-310
4.649990e-310
4.649990e-310
4.940656e-324
2.322109e-322
0.000000e+00
0.000000e+00
4.649990e-310
4.649990e-310
4.649990e-310
0.000000e+00
4.649990e-310
4.940656e-324
2.322109e-322
0.000000e+00
0.000000e+00
4.649990e-310
4.649990e-310
4.649990e-310
0.000000e+00
4.649990e-310
4.940656e-324
2.322109e-322
0.000000e+00
0.000000e+00
4.649990e-310
4.649990e-310
4.649990e-310
0.000000e+00
4.649990e-310
4.940656e-324
2.322109e-322
0.000000e+00
0.000000e+00
1.348799e-321
6.918560e-310
4.649990e-310
0.000000e+00
0.000000e+00
4.649990e-310
5.928788e-323
9.172440e+170
9.816780e-315
4.649990e-310
5.928788e-323
9.172440e+170
9.816780e-315
4.649990e-310
2.964394e-323
5.509630e-310
0.000000e+00
4.649990e-310
0.000000e+00
0.000000e+00
0.000000e+00
4.649990e-310
5.928788e-323
9.172440e+170
9.816780e-315
4.649990e-310
3.162020e-322
3.162020e-322
0.000000e+00
4.649990e-310
1.976263e-323
4.077230e-315
0.000000e+00
0.000000e+00
1.506900e-321
0.000000e+00
4.649990e-310
5.674300e-310
0.000000e+00
4.649990e-310
4.940656e-324
2.420922e-322
0.000000e+00
4.649990e-310
4.940656e-324
2.420922e-322
0.000000e+00
4.649990e-310
4.940656e-324
2.420922e-322
0.000000e+00
4.649990e-310
4.940656e-324
2.420922e-322
0.000000e+00
4.649990e-310
4.940656e-324
2.420922e-322
0.000000e+00
4.649990e-310
4.940656e-324
2.420922e-322
0.000000e+00
4.649990e-310
4.940656e-324
2.420922e-322
0.000000e+00
4.649990e-310
4.940656e-324
2.420922e-322
0.000000e+00
0.000000e+00
5.320593e-320
1.159650e-01
2.492650e+07
8.292500e-05
9.881313e-324
1.496230e-01
2.496450e+07
8.329050e-05
1.984000e+03
1.408410e-01
2.500740e+07
1.559500e+02
2.560000e+03
1.485160e-01
2.512210e+07
1.512850e+02
1.984000e+03
2.140390e-01
2.523750e+07
1.477950e+02
1.984000e+03
1.000000e+00
2.536300e+07
0.000000e+00
2.688000e+03
7.605660e-02
2.492650e+07
8.292500e-05
2.432000e+03
7.619140e-02
2.496450e+07
8.329050e-05
1.984000e+03
1.824140e-01
2.500740e+07
1.559500e+02
2.560000e+03
2.256020e-01
2.512210e+07
1.512850e+02
2.432000e+03
2.417650e-01
2.523750e+07
1.477950e+02
1.984000e+03
1.000000e+00
2.536300e+07
0.000000e+00
2.688000e+03
1.118980e-01
2.492650e+07
8.292500e-05
2.944000e+03
1.594230e-01
2.496450e+07
8.329050e-05
1.984000e+03
1.500310e-01
2.500740e+07
1.559500e+02
2.560000e+03
1.438610e-01
2.512210e+07
1.512850e+02
2.944000e+03
3.001960e-01
2.523750e+07
1.477950e+02
1.984000e+03
1.000000e+00
2.536300e+07
0.000000e+00
2.688000e+03
1.124770e-01
2.492650e+07
8.292500e-05
3.456000e+03
8.680120e-02
2.496450e+07
8.329050e-05
1.984000e+03
1.649840e-01
2.500740e+07
1.559500e+02
2.688000e+03
1.667800e-01
2.512210e+07
1.512850e+02
3.456000e+03
2.360880e-01
2.523750e+07
1.477950e+02
1.984000e+03
1.000000e+00
2.536300e+07
0.000000e+00
2.688000e+03
1.310930e-01
2.477270e+07
1.480750e+02
3.968000e+03
1.203590e-01
2.488820e+07
1.460040e+02
1.984000e+03
1.398910e-01
2.500400e+07
1.439340e+02
2.688000e+03
1.351150e-01
2.512010e+07
1.418630e+02
3.968000e+03
2.649230e-01
2.523660e+07
1.397920e+02
1.984000e+03
1.000000e+00
2.536280e+07
0.000000e+00
2.688000e+03
1.202090e-01
2.477270e+07
1.480750e+02
4.352000e+03
1.744650e-01
2.488820e+07
1.460040e+02
1.984000e+03
1.637050e-01
2.500400e+07
1.439340e+02
2.688000e+03
1.924550e-01
2.512010e+07
1.418630e+02
4.352000e+03
2.742170e-01
2.523660e+07
1.397920e+02
1.984000e+03
1.000000e+00
2.536280e+07
0.000000e+00
2.688000e+03
1.422660e-01
2.477270e+07
1.480750e+02
4.864000e+03
1.126160e-01
2.488820e+07
1.460040e+02
1.984000e+03
1.845210e-01
2.500400e+07
1.439340e+02
2.688000e+03
1.833150e-01
2.512010e+07
1.418630e+02
4.864000e+03
2.433450e-01
2.523660e+07
1.397920e+02
1.984000e+03
1.000000e+00
2.536280e+07
0.000000e+00
2.688000e+03
1.510580e-01
2.477270e+07
1.480750e+02
1.984000e+03
1.792820e-01
2.488820e+07
1.460040e+02
2.432000e+03
1.294440e-01
2.500400e+07
1.439340e+02
2.560000e+03
1.780520e-01
2.512010e+07
1.418630e+02
1.984000e+03
2.938020e-01
2.523660e+07
1.397920e+02
2.432000e+03
1.000000e+00
2.536280e+07
0.000000e+00
2.688000e+03
9.724460e-02
2.495910e+07
8.323910e-05
2.432000e+03
9.706390e-02
2.499710e+07
8.360520e-05
2.432000e+03
1.832190e-01
2.510600e+07
1.517750e+02
2.560000e+03
2.703200e-01
2.522120e+07
1.482850e+02
2.432000e+03
1.000000e+00
2.533980e+07
0.000000e+00
2.432000e+03
1.000000e+00
2.550480e+07
0.000000e+00
2.688000e+03
1.469980e-01
2.495910e+07
8.323910e-05
2.944000e+03
1.749900e-01
2.499710e+07
8.360520e-05
2.432000e+03
2.209230e-01
2.510600e+07
1.517750e+02
2.560000e+03
2.245820e-01
2.522120e+07
1.482850e+02
2.944000e+03
1.000000e+00
2.533980e+07
0.000000e+00
2.432000e+03
1.000000e+00
2.550480e+07
0.000000e+00
2.688000e+03
7.100400e-02
2.495910e+07
8.323910e-05
3.456000e+03
