4.342860e-12
9.141420e-04
-6.815760e-28
-9.476340e-13
4.468240e-04
5.079160e-17
1.645400e-10
-3.713750e-01
6.895200e-09
2.309480e-11
-1.361800e-01
-6.852400e-09
5.546370e-11
1.423170e-01
-1.548480e-22
0.000000e+00
2.586660e-01
0.000000e+00
-9.747070e-10
1.305810e+01
-7.444630e-25
-8.400780e-10
1.140690e+01
4.212110e-14
-1.704130e-06
9.686170e+03
3.226970e-04
-6.709200e-07
3.093020e+03
1.246580e-05
-4.090130e-06
2.260780e+03
-3.903130e-19
0.000000e+00
7.967140e+02
0.000000e+00
-3.426510e-10
3.135950e+00
-3.722310e-25
4.097400e-08
3.865080e+00
-1.751850e-14
-1.557320e-06
1.049830e+04
3.451440e-04
-6.804210e-07
4.894560e+03
3.178710e-05
-3.884070e-06
1.557060e+03
3.903130e-19
0.000000e+00
6.880440e+02
0.000000e+00
-1.226310e-13
1.088890e-03
-9.087680e-29
2.065150e-14
-2.567600e-04
2.010180e-17
3.582320e-10
-2.904620e-01
6.925180e-09
3.932670e-11
-2.394850e-01
-3.805650e-09
-1.520320e-10
1.779740e-01
-9.529120e-23
0.000000e+00
1.918830e-01
0.000000e+00
-1.075240e-13
2.637320e-03
-6.460640e-12
4.732830e-13
-2.929750e-03
1.276030e-10
1.944300e-12
-1.064970e-02
1.438570e-10
5.640130e-13
-1.475440e-03
7.969690e-11
1.676700e-11
6.553770e-04
3.722310e-25
0.000000e+00
6.806840e-03
0.000000e+00
-3.696320e-13
4.226530e-03
-1.955010e-11
1.715290e-12
-1.029810e-03
1.198950e-10
2.954240e-12
-9.028790e-03
2.100770e-10
3.981750e-12
-3.309920e-03
1.080120e-10
1.309070e-11
1.153840e-03
2.605620e-24
0.000000e+00
5.405710e-03
0.000000e+00
3.751470e-07
-2.822600e+03
4.760820e-03
1.065760e-07
-8.670980e+02
6.674610e-05
3.387720e-06
-2.087840e+04
1.930000e-04
8.191920e-06
-6.162760e+04
5.315560e-04
1.841530e-04
2.393750e+04
0.000000e+00
0.000000e+00
-1.616050e+05
0.000000e+00
6.641410e-13
-5.770120e-06
5.498380e-12
2.257140e-12
-2.257520e-03
2.211090e-10
1.414730e-12
-7.904580e-03
2.062430e-10
2.779770e-12
-3.359620e-03
6.807320e-11
1.396260e-11
1.759720e-03
-1.861160e-24
0.000000e+00
6.418870e-03
0.000000e+00
6.225910e-13
7.862020e-04
1.925890e-17
8.777200e-11
3.450340e-04
2.596310e-17
-1.524160e-10
2.291060e-01
2.655330e-09
9.732830e-10
-1.145620e-01
1.000560e-21
0.000000e+00
1.813620e-01
0.000000e+00
0.000000e+00
2.593460e-01
0.000000e+00
-1.733990e-09
1.317970e+01
-1.394030e-14
8.670830e-07
1.152380e+01
2.152330e-13
-2.370480e-06
9.364710e+03
1.403590e-04
-3.348430e-06
3.080750e+03
-1.951560e-17
0.000000e+00
1.285270e+03
0.000000e+00
0.000000e+00
7.986830e+02
0.000000e+00
-2.189440e-10
3.155300e+00
3.855000e-14
7.920670e-08
3.876510e+00
-1.523500e-14
-1.760270e-06
1.027660e+04
1.471670e-04
-5.725120e-06
4.859480e+03
1.561250e-18
0.000000e+00
1.211980e+03
0.000000e+00
0.000000e+00
6.897070e+02
0.000000e+00
-2.174170e-13
9.716940e-04
1.204900e-17
-4.766650e-11
-3.844240e-04
-1.865080e-17
-3.555180e-10
3.110640e-01
2.563620e-09
5.829120e-10
-2.291320e-01
4.764560e-21
0.000000e+00
1.444530e-01
0.000000e+00
0.000000e+00
1.923800e-01
0.000000e+00
-7.075150e-13
5.081080e-03
2.958130e-10
3.961680e-13
-6.859780e-04
3.555360e-10
1.080840e-12
-8.022850e-03
1.594760e-10
7.820370e-12
1.161340e-03
3.075560e-22
0.000000e+00
3.565350e-03
0.000000e+00
0.000000e+00
6.823050e-03
0.000000e+00
-7.062330e-13
6.648140e-03
2.348730e-10
1.793670e-12
1.185520e-03
4.002700e-10
-9.130760e-13
-6.420540e-03
1.086760e-10
2.235340e-12
-6.555480e-04
-8.961470e-22
0.000000e+00
3.162780e-03
0.000000e+00
0.000000e+00
5.418130e-03
0.000000e+00
4.527810e-07
-2.926440e+03
5.106210e-03
1.315230e-07
-8.209450e+02
6.292090e-05
3.222880e-06
-2.088070e+04
7.203140e-05
-2.312110e-04
-6.579830e+04
-2.248200e-16
0.000000e+00
7.450040e+04
0.000000e+00
0.000000e+00
-1.620180e+05
0.000000e+00
-7.415780e-13
2.368580e-03
2.923280e-10
-1.167940e-12
-1.203810e-04
5.542560e-10
1.588050e-12
-5.398000e-03
1.750130e-10
1.247040e-11
-7.105300e-04
5.724920e-22
0.000000e+00
3.356780e-03
0.000000e+00
0.000000e+00
6.433650e-03
0.000000e+00
-1.940930e-11
6.757990e-04
-1.481770e-17
3.555070e-11
-1.214500e-01
1.204200e-09
-3.744520e-10
2.319810e-01
8.527310e-10
4.147650e-11
7.451360e-02
3.490700e-24
0.000000e+00
1.813580e-01
0.000000e+00
0.000000e+00
2.588190e-01
0.000000e+00
3.010710e-07
1.332530e+01
-2.009160e-14
-1.250510e-06
1.396820e+03
-2.395800e-05
-1.157600e-05
9.122460e+03
2.145620e-05
7.646090e-07
1.771480e+03
1.627110e-19
0.000000e+00
1.282840e+03
0.000000e+00
0.000000e+00
8.005300e+02
0.000000e+00
3.759520e-07
3.210020e+00
1.148900e-13
-5.137380e-07
2.190960e+03
-2.948500e-05
-9.704810e-06
1.003090e+04
3.521930e-05
7.457990e-07
1.953460e+03
-2.188540e-20
0.000000e+00
1.210820e+03
0.000000e+00
0.000000e+00
6.917900e+02
0.000000e+00
-5.681500e-11
8.690850e-04
-3.217100e-17
9.934980e-11
-1.486690e-01
1.582490e-09
-3.317070e-10
3.219340e-01
1.687850e-09
4.696260e-11
8.990710e-02
-6.466670e-24
0.000000e+00
1.440150e-01
0.000000e+00
0.000000e+00
1.920280e-01
0.000000e+00
3.861480e-13
6.801010e-03
3.130220e-10
6.189550e-12
2.257430e-03
1.448920e-10
1.041570e-11
-6.074330e-03
6.380520e-13
1.380990e-12
3.360450e-03
-2.237320e-25
0.000000e+00
3.592190e-03
0.000000e+00
0.000000e+00
6.801790e-03
0.000000e+00
2.002190e-12
8.356130e-03
3.434860e-10
-7.061030e-13
4.340240e-03
1.137840e-10
1.292550e-11
-4.365380e-03
9.673680e-12
1.474790e-12
2.877900e-03
5.659430e-27
0.000000e+00
3.188730e-03
0.000000e+00
0.000000e+00
5.402630e-03
0.000000e+00
6.014130e-07
-3.008050e+03
-6.678020e-06
-1.362760e-07
-6.864510e+02
2.491950e-05
-1.244710e-05
-2.072540e+04
1.289960e-05
-3.415790e-05
-1.062830e+05
-8.170660e-18
0.000000e+00
7.816400e+04
0.000000e+00
0.000000e+00
-1.587760e+05
0.000000e+00
6.159430e-12
3.795200e-03
5.052450e-10
-2.040180e-12
2.889350e-03
1.317230e-10
7.786780e-12
-3.394340e-03
3.474730e-12
8.933240e-13
2.483310e-03
-5.058870e-26
0.000000e+00
3.377280e-03
0.000000e+00
0.000000e+00
6.413250e-03
0.000000e+00
2.129170e-11
-1.905450e-02
3.116930e-10
3.464630e-11
-1.218910e-01
-6.237890e-11
1.042680e-10
1.946490e-01
6.432160e-22
0.000000e+00
7.803070e-02
0.000000e+00
0.000000e+00
1.805700e-01
0.000000e+00
0.000000e+00
2.573210e-01
0.000000e+00
-3.465280e-07
3.152480e+02
-5.180600e-06
-1.582130e-07
1.370010e+03
-3.294550e-07
2.600510e-06
5.929680e+03
0.000000e+00
0.000000e+00
1.771200e+03
0.000000e+00
0.000000e+00
1.275970e+03
0.000000e+00
0.000000e+00
8.025270e+02
0.000000e+00
-4.301990e-07
4.403890e+02
-6.911340e-06
-3.679440e-07
2.159790e+03
-4.773130e-07
1.273540e-07
6.449460e+03
-3.122500e-18
0.000000e+00
1.948420e+03
0.000000e+00
0.000000e+00
1.206180e+03
0.000000e+00
0.000000e+00
6.944710e+02
0.000000e+00
6.167630e-11
-3.780240e-02
7.119340e-10
3.132770e-11
-1.474570e-01
-9.730040e-11
1.125690e-11
2.593680e-01
-1.905820e-22
0.000000e+00
9.216130e-02
0.000000e+00
0.000000e+00
1.433110e-01
0.000000e+00
0.000000e+00
1.910030e-01
0.000000e+00
-4.412880e-12
1.130520e-02
2.650030e-11
-1.074520e-11
4.701700e-03
4.270380e-13
-4.527290e-12
-3.326360e-03
6.327930e-24
0.000000e+00
3.409630e-03
0.000000e+00
0.000000e+00
3.633730e-03
0.000000e+00
0.000000e+00
6.750430e-03
0.000000e+00
-7.377620e-12
1.270810e-02
1.989380e-11
-7.911580e-12
6.761780e-03
1.205300e-12
-7.708690e-12
-2.612380e-03
4.620320e-23
0.000000e+00
2.916450e-03
0.000000e+00
0.000000e+00
3.213080e-03
0.000000e+00
0.000000e+00
5.364480e-03
0.000000e+00
7.293110e-07
-3.009810e+03
-5.491760e-06
-6.965660e-07
-6.604880e+02
2.069370e-06
-3.591200e-05
-2.209180e+04
1.561250e-18
0.000000e+00
-1.094680e+05
0.000000e+00
0.000000e+00
7.926950e+04
0.000000e+00
0.000000e+00
-1.541110e+05
0.000000e+00
-9.564410e-12
8.319310e-03
1.572300e-11
-2.578780e-12
5.272650e-03
4.217640e-13
-3.382890e-12
-1.467770e-03
-9.739810e-24
0.000000e+00
2.546050e-03
0.000000e+00
0.000000e+00
3.410820e-03
0.000000e+00
0.000000e+00
6.364580e-03
0.000000e+00
-1.043620e-10
7.335130e-01
-1.233760e-08
6.873370e-10
-1.854900e-01
1.275200e-08
1.389090e-09
-5.044420e-01
-2.858740e-22
0.000000e+00
-2.466630e-02
0.000000e+00
0.000000e+00
1.554660e-01
0.000000e+00
0.000000e+00
1.087190e-01
0.000000e+00
4.887070e-10
-3.270040e+00
5.024610e-08
-3.563210e-10
3.748600e+00
7.288190e-09
6.747330e-09
-4.196030e+00
-7.623300e-22
0.000000e+00
8.124520e-01
0.000000e+00
0.000000e+00
-1.042860e+00
0.000000e+00
0.000000e+00
-8.831230e-01
0.000000e+00
-8.967560e-11
8.263880e-01
-1.337480e-08
1.311270e-10
-7.617610e-02
9.376020e-09
6.290630e-10
-3.508570e-01
-9.052660e-22
0.000000e+00
-5.040360e-02
0.000000e+00
0.000000e+00
1.519820e-01
0.000000e+00
0.000000e+00
1.297610e-01
0.000000e+00
-1.167090e-10
8.788840e-01
-1.443440e-08
2.388720e-10
-1.588640e-01
1.091780e-08
1.326870e-09
-6.225060e-01
-4.764560e-22
0.000000e+00
-3.830190e-02
0.000000e+00
0.000000e+00
1.653050e-01
0.000000e+00
0.000000e+00
1.292250e-01
0.000000e+00
6.687920e-12
-2.773430e-02
5.075210e-10
6.436100e-12
3.079070e-02
4.716630e-10
-1.033890e-11
-7.955360e-04
-3.647870e-23
0.000000e+00
-2.855180e-03
0.000000e+00
0.000000e+00
1.107280e-02
0.000000e+00
0.000000e+00
5.226100e-03
0.000000e+00
1.591600e-11
4.107570e-03
6.619000e-11
6.029960e-11
6.782090e-03
6.496230e-10
-1.624880e-11
8.224990e-04
1.042250e-23
0.000000e+00
-5.886420e-03
0.000000e+00
0.000000e+00
1.942080e-02
0.000000e+00
0.000000e+00
9.762360e-03
0.000000e+00
-1.375930e-07
4.024750e+02
-1.022510e-05
8.267780e-06
2.923640e+03
-1.338560e-06
7.603470e-05
6.538350e+04
1.088990e-18
0.000000e+00
6.011790e+04
0.000000e+00
0.000000e+00
2.332700e+04
0.000000e+00
0.000000e+00
8.558250e+04
0.000000e+00
1.763600e-11
-1.521920e-01
2.343800e-09
-2.666040e-10
3.218000e-01
7.496520e-11
-1.469600e-11
6.494540e-04
-2.531170e-23
0.000000e+00
-6.704860e-03
0.000000e+00
0.000000e+00
9.018870e-03
0.000000e+00
0.000000e+00
4.834550e-03
0.000000e+00
-1.933160e-10
9.653920e-01
2.313410e-08
-1.275980e-09
8.199460e-01
5.755590e-20
0.000000e+00
-2.310130e-01
0.000000e+00
0.000000e+00
-2.856110e-02
0.000000e+00
0.000000e+00
1.506100e-01
0.000000e+00
0.000000e+00
1.075660e-01
0.000000e+00
1.449230e-09
-4.171630e+00
-1.556860e-08
-2.129110e-08
5.580730e+00
4.269050e-20
0.000000e+00
-2.373940e+00
0.000000e+00
0.000000e+00
8.659570e-01
0.000000e+00
0.000000e+00
-1.004960e+00
0.000000e+00
0.000000e+00
-8.726960e-01
0.000000e+00
-1.176880e-10
1.033750e+00
2.075120e-08
-8.466260e-10
5.133450e-01
3.811650e-21
0.000000e+00
-7.680890e-02
0.000000e+00
0.000000e+00
-5.597430e-02
0.000000e+00
0.000000e+00
1.468590e-01
0.000000e+00
0.000000e+00
1.282250e-01
0.000000e+00
-1.877730e-10
1.158010e+00
2.467190e-08
-9.344830e-10
7.266680e-01
1.372190e-20
0.000000e+00
-1.960760e-01
0.000000e+00
0.000000e+00
-4.342550e-02
0.000000e+00
0.000000e+00
1.599420e-01
0.000000e+00
0.000000e+00
1.277620e-01
0.000000e+00
1.072290e-10
-1.712610e-02
1.683140e-09
-1.094320e-10
3.656800e-02
8.099750e-22
0.000000e+00
-5.030580e-04
0.000000e+00
0.000000e+00
-2.946970e-03
0.000000e+00
0.000000e+00
1.074380e-02
0.000000e+00
0.000000e+00
5.186070e-03
0.000000e+00
4.111190e-11
2.861350e-02
1.248280e-09
-1.632250e-10
3.960450e-02
-1.345990e-21
0.000000e+00
1.008030e-03
0.000000e+00
0.000000e+00
-6.050520e-03
0.000000e+00
0.000000e+00
1.883590e-02
0.000000e+00
0.000000e+00
9.682960e-03
0.000000e+00
2.282130e-07
2.913850e+02
-4.863300e-07
9.772640e-06
1.401400e+04
-9.992240e-19
0.000000e+00
6.875370e+04
0.000000e+00
0.000000e+00
6.190240e+04
0.000000e+00
0.000000e+00
1.526890e+04
0.000000e+00
0.000000e+00
8.433970e+04
0.000000e+00
1.516140e-10
-1.861900e-01
2.693450e-09
3.958650e-11
7.358890e-02
6.923500e-23
0.000000e+00
2.780420e-04
0.000000e+00
0.000000e+00
-6.732830e-03
0.000000e+00
0.000000e+00
8.724280e-03
0.000000e+00
0.000000e+00
4.791470e-03
0.000000e+00
-8.866240e-10
1.759390e+00
-4.573980e-21
-9.255050e-10
6.103770e-01
1.509410e-19
0.000000e+00
-2.146470e-01
0.000000e+00
0.000000e+00
-2.801210e-02
0.000000e+00
0.000000e+00
1.460070e-01
0.000000e+00
0.000000e+00
1.064510e-01
0.000000e+00
6.464610e-10
-1.896360e+00
2.286990e-21
2.575960e-08
-5.442580e+00
4.313030e-09
0.000000e+00
-2.374340e+00
0.000000e+00
0.000000e+00
8.038750e-01
0.000000e+00
0.000000e+00
-9.693570e-01
0.000000e+00
0.000000e+00
-8.617010e-01
0.000000e+00
-8.308500e-10
1.835750e+00
-1.372190e-20
-2.210900e-10
3.794360e-01
2.934970e-20
0.000000e+00
-6.748520e-02
0.000000e+00
0.000000e+00
-5.286300e-02
0.000000e+00
0.000000e+00
1.422510e-01
0.000000e+00
0.000000e+00
1.266060e-01
0.000000e+00
-9.425330e-10
1.960860e+00
8.004460e-21
-6.425800e-10
5.242510e-01
2.805370e-19
0.000000e+00
-1.811750e-01
0.000000e+00
0.000000e+00
-4.177070e-02
0.000000e+00
0.000000e+00
1.550090e-01
0.000000e+00
0.000000e+00
1.262700e-01
0.000000e+00
-1.771970e-10
1.077300e-01
1.167320e-21
0.000000e+00
3.384410e-02
0.000000e+00
0.000000e+00
1.039400e-04
0.000000e+00
0.000000e+00
-2.784410e-03
0.000000e+00
0.000000e+00
1.039480e-02
0.000000e+00
0.000000e+00
5.161260e-03
0.000000e+00
-1.201540e-10
9.556470e-02
4.526330e-22
0.000000e+00
3.602930e-02
0.000000e+00
0.000000e+00
1.801640e-03
0.000000e+00
0.000000e+00
-5.711570e-03
0.000000e+00
0.000000e+00
1.822070e-02
0.000000e+00
0.000000e+00
9.627340e-03
0.000000e+00
8.027960e-07
6.793170e+02
4.878910e-20
0.000000e+00
1.440530e+04
0.000000e+00
0.000000e+00
6.901030e+04
0.000000e+00
0.000000e+00
6.176140e+04
0.000000e+00
0.000000e+00
1.708430e+04
0.000000e+00
0.000000e+00
8.257740e+04
0.000000e+00
-2.493230e-10
2.240120e-01
-4.764560e-22
0.000000e+00
7.011560e-02
0.000000e+00
0.000000e+00
1.139430e-03
0.000000e+00
0.000000e+00
-6.445060e-03
0.000000e+00
0.000000e+00
8.405460e-03
0.000000e+00
0.000000e+00
4.757470e-03
0.000000e+00
0.000000e+00
3.992544e-320
4.763340e-09
-1.051750e-14
5.744150e-05
4.332800e-09
2.347540e-13
5.201670e-05
-4.304030e-05
1.604070e-13
-6.532090e-03
4.279520e-07
2.240050e-13
6.558080e-05
6.291500e-09
1.851980e-12
9.298540e-07
0.000000e+00
3.287800e-10
0.000000e+00
5.164560e-09
8.402910e-17
6.227990e-05
5.049170e-09
8.527480e-17
6.061720e-05
6.896190e-03
4.305840e-05
1.075600e+00
1.050550e-09
2.393280e-12
1.362680e-06
5.066910e-09
3.300870e-12
7.488660e-07
0.000000e+00
3.287580e-10
0.000000e+00
4.803180e-09
2.668960e-16
5.792200e-05
4.239090e-09
-1.838310e-14
5.089150e-05
6.470900e-03
9.447780e-06
1.009340e+00
2.928920e-07
1.850110e-13
4.562270e-05
3.084990e-09
8.588450e-12
4.559470e-07
0.000000e+00
3.286820e-10
0.000000e+00
4.797510e-09
2.037810e-14
5.785360e-05
4.947660e-09
-3.218450e-17
5.939880e-05
-4.870460e-05
4.545620e-13
-7.391850e-03
1.872180e-07
4.748800e-13
2.962990e-05
5.299090e-09
2.973390e-12
7.831800e-07
0.000000e+00
3.287630e-10
0.000000e+00
-2.704390e-07
8.446040e-14
-3.956280e-05
-2.198020e-07
4.612440e-14
-3.169320e-05
-2.583480e-07
1.554360e-13
-3.671730e-05
-1.114070e-07
1.149770e-13
-1.559840e-05
1.542280e-09
5.022670e-12
2.155980e-07
0.000000e+00
3.287190e-10
0.000000e+00
-3.022880e-07
4.682150e-14
-4.422250e-05
-1.528880e-07
6.256370e-13
-2.204480e-05
-2.942690e-07
4.265710e-13
-4.182500e-05
-1.632870e-07
1.062430e-12
-2.286850e-05
1.424300e-09
5.811460e-12
1.991070e-07
0.000000e+00
3.287070e-10
0.000000e+00
-1.806860e-07
1.754120e-13
-1.093810e+00
-1.807320e-07
1.832050e-14
-2.605830e-05
-2.065170e-07
8.644580e-13
-2.935150e-05
-8.568470e-08
8.236800e-13
-1.199720e-05
1.842210e-09
3.423140e-12
2.575280e-07
0.000000e+00
3.287420e-10
0.000000e+00
-2.509170e-07
2.473440e-13
-3.670720e-05
-2.721150e-07
7.369350e-13
-3.924000e-05
-2.253650e-07
6.768890e-14
-3.202850e-05
-1.036910e-07
7.102900e-13
-1.451950e-05
1.200890e-09
7.813750e-12
1.678760e-07
0.000000e+00
3.286780e-10
0.000000e+00
-6.955600e-10
2.806120e-14
-8.569840e-06
-4.474110e-09
-2.281130e-13
-5.371740e-05
4.216620e-05
5.082040e-13
6.400290e-03
2.760310e-07
4.142790e-12
4.093120e-05
0.000000e+00
2.659680e-10
0.000000e+00
0.000000e+00
-7.044330e-11
0.000000e+00
-1.486600e-09
1.715020e-13
-1.809100e-05
-5.189140e-09
5.090100e-13
-6.230220e-05
3.161690e-05
9.405800e-13
4.799500e-03
4.011700e-07
-5.100120e-13
5.948760e-05
0.000000e+00
2.645530e-10
0.000000e+00
0.000000e+00
-7.044330e-11
0.000000e+00
-5.200520e-10
0.000000e+00
-6.463150e-06
-4.384840e-09
1.042260e-13
-5.264580e-05
4.674060e-05
1.691460e-13
7.095050e-03
4.402760e-07
1.231660e-12
6.528630e-05
0.000000e+00
2.593830e-10
0.000000e+00
0.000000e+00
-7.044330e-11
0.000000e+00
-1.208500e-09
2.592350e-13
-1.473360e-05
-5.080800e-09
2.978130e-13
-6.100140e-05
4.783150e-05
-8.285690e-14
7.260400e-03
4.356530e-07
9.987580e-13
6.460090e-05
0.000000e+00
2.649110e-10
0.000000e+00
0.000000e+00
-7.044330e-11
0.000000e+00
1.132410e-07
-7.100110e-14
1.684080e-05
7.462190e-08
7.128060e-14
1.102790e-05
1.794590e-07
2.042780e-14
2.566000e-05
1.156710e-07
3.275260e-12
1.620360e-05
0.000000e+00
2.628630e-10
0.000000e+00
0.000000e+00
-7.033400e-11
0.000000e+00
1.731770e-07
-4.478540e-14
2.556090e-05
-2.577370e-08
1.895400e-13
-3.394590e-06
2.363420e-07
-3.847210e-13
3.371180e-05
1.670370e-07
2.472060e-13
2.339900e-05
0.000000e+00
2.621090e-10
0.000000e+00
0.000000e+00
-7.033400e-11
0.000000e+00
5.433000e-08
2.661430e-13
-5.899750e-01
1.153440e-08
3.488970e-13
1.972720e-06
1.520410e-07
-2.608340e-13
2.171730e-05
8.806640e-08
4.862490e-12
1.233660e-05
0.000000e+00
2.643870e-10
0.000000e+00
0.000000e+00
-7.033400e-11
0.000000e+00
1.404850e-07
-2.014910e-13
2.074560e-05
-1.090140e-08
-7.204150e-13
-1.062830e-06
1.425810e-07
3.054520e-13
2.042580e-05
1.071040e-07
3.284510e-12
1.500350e-05
0.000000e+00
2.600930e-10
0.000000e+00
0.000000e+00
-7.033400e-11
0.000000e+00
-3.926480e-09
6.333750e-13
-4.717100e-05
-1.410790e-07
1.363150e-12
-2.105720e-05
1.568300e-07
4.961930e-12
2.335920e-05
0.000000e+00
1.984950e-10
0.000000e+00
0.000000e+00
-4.345450e-11
0.000000e+00
0.000000e+00
-4.706240e-11
0.000000e+00
-3.537990e-09
5.111340e-13
-4.250390e-05
-2.475860e-07
9.513580e-13
-3.695430e-05
2.732740e-07
4.132220e-13
4.066680e-05
0.000000e+00
2.053780e-10
0.000000e+00
0.000000e+00
-4.351820e-11
0.000000e+00
0.000000e+00
-4.706240e-11
0.000000e+00
-4.137370e-09
5.789250e-13
-4.970460e-05
-2.131160e-07
4.969360e-13
-3.180880e-05
3.190230e-07
1.035200e-12
4.747820e-05
0.000000e+00
2.075970e-10
0.000000e+00
0.000000e+00
-4.354360e-11
0.000000e+00
0.000000e+00
-4.706240e-11
0.000000e+00
-3.455870e-09
7.231540e-13
-4.151740e-05
-2.924650e-07
2.231060e-13
-4.365330e-05
2.358530e-07
2.337640e-12
3.512540e-05
0.000000e+00
2.025880e-10
0.000000e+00
0.000000e+00
-4.347200e-11
0.000000e+00
0.000000e+00
-4.706240e-11
0.000000e+00
-5.846310e-08
2.415770e-13
-8.076670e-06
6.882660e-08
2.196440e-12
9.940350e-06
8.187370e-08
3.128630e-12
1.149470e-05
0.000000e+00
2.042130e-10
0.000000e+00
0.000000e+00
-4.339360e-11
0.000000e+00
0.000000e+00
-4.723690e-11
0.000000e+00
-6.480970e-08
5.990500e-13
-9.028610e-06
1.169860e-07
6.086690e-13
1.677080e-05
5.997960e-08
5.329300e-12
8.424010e-06
0.000000e+00
2.025690e-10
0.000000e+00
0.000000e+00
-4.334040e-11
0.000000e+00
0.000000e+00
-4.723690e-11
0.000000e+00
-4.275990e-08
2.465590e-13
-5.889410e-06
9.879500e-08
1.161360e-12
1.420210e-05
5.484090e-08
5.514560e-12
7.703380e-06
0.000000e+00
2.051480e-10
0.000000e+00
0.000000e+00
-4.344050e-11
0.000000e+00
0.000000e+00
-9.702000e-02
0.000000e+00
-2.241420e-07
1.062990e-12
-3.180670e-05
2.132680e-07
1.856950e-13
3.050670e-05
8.657100e-08
2.594100e-12
1.215430e-05
0.000000e+00
2.054820e-10
0.000000e+00
0.000000e+00
-4.342040e-11
0.000000e+00
0.000000e+00
-4.723690e-11
0.000000e+00
-2.046070e-09
-6.360590e-13
-3.054070e-07
1.409870e-07
-1.281570e-12
2.104490e-05
9.048300e-09
-4.947430e-12
1.319020e-06
0.000000e+00
-1.973970e-10
0.000000e+00
0.000000e+00
-2.192970e-10
0.000000e+00
0.000000e+00
-2.225930e-10
0.000000e+00
-3.593260e-09
-6.597490e-13
-5.363490e-07
2.477770e-07
-1.427500e-12
3.698460e-05
3.492530e-09
-1.187550e-12
5.091240e-07
0.000000e+00
-2.019970e-10
0.000000e+00
0.000000e+00
-2.192970e-10
0.000000e+00
0.000000e+00
-2.225930e-10
0.000000e+00
-3.077660e-09
-5.675990e-13
-4.593880e-07
2.121910e-07
-5.405960e-13
3.167290e-05
5.244620e-09
-6.125420e-13
7.645350e-07
0.000000e+00
-2.036050e-10
0.000000e+00
0.000000e+00
-2.192970e-10
0.000000e+00
0.000000e+00
-2.225930e-10
0.000000e+00
-4.258660e-09
-9.718690e-13
-6.356700e-07
2.935430e-07
-5.227260e-13
4.381630e-05
1.225200e-08
-2.081110e-12
1.786040e-06
0.000000e+00
-1.984990e-10
0.000000e+00
0.000000e+00
-2.192970e-10
0.000000e+00
0.000000e+00
-2.225930e-10
0.000000e+00
2.056320e-07
-2.355140e-13
2.935310e-05
7.655840e-08
-2.258010e-12
1.076910e-05
1.033290e-09
-2.298940e-12
1.432070e-07
0.000000e+00
-2.023830e-10
0.000000e+00
0.000000e+00
-2.194280e-10
0.000000e+00
0.000000e+00
-2.225130e-10
0.000000e+00
1.858390e-07
-5.721720e-13
2.652750e-05
5.999730e-08
-1.345780e-12
8.439560e-06
2.534410e-09
-4.626640e-12
3.512530e-07
0.000000e+00
-1.985070e-10
0.000000e+00
0.000000e+00
-2.194280e-10
0.000000e+00
0.000000e+00
-2.225130e-10
0.000000e+00
1.591510e-07
-6.387650e-13
2.271860e-05
7.284140e-08
-1.504740e-12
1.024630e-05
2.937430e-09
-5.351560e-12
4.071100e-07
0.000000e+00
-2.052740e-10
0.000000e+00
0.000000e+00
-2.194280e-10
0.000000e+00
0.000000e+00
-9.702760e-02
0.000000e+00
3.231830e-07
-1.086710e-12
4.613170e-05
7.161410e-08
-1.650000e-13
1.007360e-05
1.123270e-09
-1.975560e-12
1.556790e-07
0.000000e+00
-2.041800e-10
0.000000e+00
0.000000e+00
-2.194280e-10
0.000000e+00
0.000000e+00
-2.225130e-10
0.000000e+00
-9.226290e-08
3.353430e-14
-1.303210e-05
-2.998160e-06
4.665650e-13
-4.141300e-04
1.340960e-07
3.592040e-12
1.852320e-05
0.000000e+00
7.631290e-11
0.000000e+00
0.000000e+00
7.327690e-11
0.000000e+00
0.000000e+00
7.001790e-11
0.000000e+00
-1.242130e-07
1.158310e-13
-1.754470e-05
-1.978540e-06
1.329610e-13
-2.732780e-04
2.054090e-07
2.095430e-12
2.837390e-05
0.000000e+00
7.637680e-11
0.000000e+00
0.000000e+00
7.327690e-11
0.000000e+00
0.000000e+00
7.001790e-11
0.000000e+00
-1.215870e-07
3.798890e-13
-1.717290e-05
-1.256020e-06
8.550430e-14
-1.734720e-04
2.626110e-07
1.407260e-12
3.627550e-05
0.000000e+00
7.640600e-11
0.000000e+00
0.000000e+00
7.327690e-11
0.000000e+00
0.000000e+00
7.001790e-11
0.000000e+00
-9.677680e-08
1.483790e-13
-1.366750e-05
-2.040940e-06
1.538420e-13
-2.818980e-04
2.153690e-07
1.948920e-12
2.974980e-05
0.000000e+00
7.638300e-11
0.000000e+00
0.000000e+00
7.327690e-11
0.000000e+00
0.000000e+00
7.001790e-11
0.000000e+00
-4.729520e-08
1.011520e-13
-6.680740e-06
-3.481820e-08
2.130850e-12
-4.800990e-06
2.988070e-09
2.684340e-11
4.127550e-07
0.000000e+00
7.532710e-11
0.000000e+00
0.000000e+00
7.327690e-11
0.000000e+00
0.000000e+00
7.001790e-11
0.000000e+00
-5.094060e-08
5.003130e-13
-7.194720e-06
-5.163350e-08
1.254180e-12
-7.120620e-06
5.743770e-09
2.254830e-11
7.934100e-07
0.000000e+00
7.551020e-11
0.000000e+00
0.000000e+00
7.327690e-11
0.000000e+00
0.000000e+00
7.001790e-11
0.000000e+00
-5.737140e-08
6.784010e-13
-8.101240e-06
1.404440e-09
4.837940e-13
2.117070e-07
3.222340e-09
2.635580e-11
4.451140e-07
0.000000e+00
7.535060e-11
0.000000e+00
0.000000e+00
7.327690e-11
0.000000e+00
0.000000e+00
5.222540e-02
0.000000e+00
-8.197670e-08
7.350840e-13
-1.157920e-05
1.169450e-09
6.133660e-13
1.776430e-07
3.875050e-09
2.525870e-11
5.352770e-07
0.000000e+00
7.539670e-11
0.000000e+00
0.000000e+00
7.327690e-11
0.000000e+00
0.000000e+00
7.001790e-11
0.000000e+00
-2.176390e-06
8.372020e-14
-3.003650e-04
2.894410e-06
6.640320e-14
3.998160e-04
0.000000e+00
4.112430e-11
0.000000e+00
0.000000e+00
-2.927110e-11
0.000000e+00
0.000000e+00
-2.930990e-11
0.000000e+00
0.000000e+00
-2.993730e-11
0.000000e+00
-1.512940e-06
-7.043720e-14
-2.086270e-04
1.609330e-05
9.280840e-13
2.223030e-03
0.000000e+00
4.256310e-11
0.000000e+00
0.000000e+00
-2.927110e-11
0.000000e+00
0.000000e+00
-2.930990e-11
0.000000e+00
0.000000e+00
-2.993730e-11
0.000000e+00
-2.047530e-06
-3.165820e-13
-2.824830e-04
1.013170e-06
1.942770e-12
1.399530e-04
0.000000e+00
4.320950e-11
0.000000e+00
0.000000e+00
-2.927110e-11
0.000000e+00
0.000000e+00
-2.930990e-11
0.000000e+00
0.000000e+00
-2.993730e-11
0.000000e+00
-2.368520e-06
-3.223020e-14
-3.268990e-04
1.850700e-06
8.672570e-13
2.556440e-04
0.000000e+00
4.270310e-11
0.000000e+00
0.000000e+00
-2.927110e-11
0.000000e+00
0.000000e+00
-2.930990e-11
0.000000e+00
0.000000e+00
-2.993730e-11
0.000000e+00
-3.578900e-08
4.127670e-13
-4.804610e-06
3.584050e-08
1.029270e-11
4.950790e-06
0.000000e+00
1.861680e-11
0.000000e+00
0.000000e+00
-2.927110e-11
0.000000e+00
0.000000e+00
-2.930990e-11
0.000000e+00
0.000000e+00
-2.993730e-11
0.000000e+00
-1.116240e-08
-7.817680e-15
-1.395540e-06
5.137770e-08
9.816150e-12
7.097010e-06
0.000000e+00
2.278400e-11
0.000000e+00
0.000000e+00
-2.927110e-11
0.000000e+00
0.000000e+00
-2.930990e-11
0.000000e+00
0.000000e+00
-2.993730e-11
0.000000e+00
-3.654010e-08
-2.424390e-13
-4.888830e-06
3.091080e-09
2.010350e-11
4.269830e-07
0.000000e+00
1.902980e-11
0.000000e+00
0.000000e+00
-2.927110e-11
0.000000e+00
0.000000e+00
-2.930990e-11
0.000000e+00
0.000000e+00
5.222360e-02
0.000000e+00
-9.869840e-08
-5.424980e-13
-1.339420e-05
1.968570e-09
2.160180e-11
2.719260e-07
0.000000e+00
2.005170e-11
0.000000e+00
0.000000e+00
-2.927110e-11
0.000000e+00
0.000000e+00
-2.930990e-11
0.000000e+00
0.000000e+00
-2.993730e-11
0.000000e+00
2.238320e-06
-1.095500e-13
3.091890e-04
-1.209720e-11
1.121860e-13
-1.671030e-09
0.000000e+00
-4.392330e-11
0.000000e+00
0.000000e+00
-4.396180e-11
0.000000e+00
0.000000e+00
-4.396570e-11
0.000000e+00
0.000000e+00
-4.460790e-11
0.000000e+00
1.721730e-06
-3.139420e-14
2.378290e-04
-1.440470e-05
-4.073430e-13
-1.989790e-03
0.000000e+00
-4.394420e-11
0.000000e+00
0.000000e+00
-4.396180e-11
0.000000e+00
0.000000e+00
-4.396570e-11
0.000000e+00
0.000000e+00
-4.460790e-11
0.000000e+00
2.149360e-06
-4.161810e-14
2.969000e-04
-4.373070e-12
-1.399050e-12
-6.040700e-10
0.000000e+00
-4.391480e-11
0.000000e+00
0.000000e+00
-4.396180e-11
0.000000e+00
0.000000e+00
-4.396570e-11
0.000000e+00
0.000000e+00
-4.460790e-11
0.000000e+00
2.440180e-06
-1.044380e-13
3.370710e-04
-7.837310e-12
-3.664330e-13
-1.082600e-09
0.000000e+00
-4.394250e-11
0.000000e+00
0.000000e+00
-4.396180e-11
0.000000e+00
0.000000e+00
-4.396570e-11
0.000000e+00
0.000000e+00
-4.460790e-11
0.000000e+00
7.907390e-08
-3.904180e-13
1.092280e-05
0.000000e+00
-1.163130e-11
0.000000e+00
0.000000e+00
-4.394420e-11
0.000000e+00
0.000000e+00
-4.396180e-11
0.000000e+00
0.000000e+00
-4.396570e-11
0.000000e+00
0.000000e+00
-4.460790e-11
0.000000e+00
5.661500e-08
-3.365070e-13
7.820460e-06
0.000000e+00
-1.036580e-11
0.000000e+00
0.000000e+00
-4.394420e-11
0.000000e+00
0.000000e+00
-4.396180e-11
0.000000e+00
0.000000e+00
-4.396570e-11
0.000000e+00
0.000000e+00
-4.460790e-11
0.000000e+00
8.619360e-08
-2.944250e-13
1.190630e-05
0.000000e+00
-1.976200e-11
0.000000e+00
0.000000e+00
-4.394420e-11
0.000000e+00
0.000000e+00
-4.396180e-11
0.000000e+00
0.000000e+00
4.479560e-02
0.000000e+00
0.000000e+00
-4.460790e-11
0.000000e+00
1.736620e-07
-8.397970e-14
2.398860e-05
0.000000e+00
-2.132780e-11
0.000000e+00
0.000000e+00
-4.394420e-11
0.000000e+00
0.000000e+00
-4.396180e-11
0.000000e+00
0.000000e+00
-4.396570e-11
0.000000e+00
0.000000e+00
-4.460790e-11
0.000000e+00
4.649990e-310
2.158573e-320
6.918720e-310
6.918720e-310
4.649990e-310
4.649990e-310
0.000000e+00
0.000000e+00
4.649990e-310
3.458460e-323
3.623820e-307
0.000000e+00
2.766768e-321
3.952525e-322
4.649990e-310
4.649990e-310
0.000000e+00
0.000000e+00
4.649990e-310
1.976263e-323
4.617530e-310
0.000000e+00
3.162020e-321
3.952525e-322
4.649990e-310
4.649990e-310
4.649990e-310
4.649990e-310
4.649990e-310
1.976263e-323
5.660290e-315
2.291790e+59
3.557273e-321
3.952525e-322
4.649990e-310
4.649990e-310
0.000000e+00
0.000000e+00
4.649990e-310
2.470328e-323
1.767910e-312
9.881313e-323
3.952525e-321
3.952525e-322
4.649990e-310
4.649990e-310
4.649990e-310
4.649990e-310
4.649990e-310
3.458460e-323
4.295700e-307
0.000000e+00
4.347778e-321
3.952525e-322
4.649990e-310
4.649990e-310
0.000000e+00
0.000000e+00
4.649990e-310
3.458460e-323
2.143940e-307
4.649990e-310
4.743030e-321
3.952525e-322
4.649990e-310
4.649990e-310
4.649990e-310
4.649990e-310
4.649990e-310
3.952525e-323
6.850520e+25
0.000000e+00
5.138283e-321
3.952525e-322
4.649990e-310
4.649990e-310
0.000000e+00
4.649990e-310
4.649990e-310
3.952525e-323
1.686960e+69
0.000000e+00
5.533535e-321
3.952525e-322
4.649990e-310
4.649990e-310
0.000000e+00
0.000000e+00
4.649990e-310
3.458460e-323
5.634180e-307
0.000000e+00
0.000000e+00
1.067676e-320
4.649990e-310
6.918720e-310
0.000000e+00
0.000000e+00
4.294820e-307
6.952970e-310
4.649990e-310
0.000000e+00
4.353670e+96
4.237270e-310
0.000000e+00
4.649990e-310
3.458460e-323
3.623820e-307
6.952970e-310
0.000000e+00
0.000000e+00
4.649990e-310
4.649990e-310
4.649990e-310
4.940656e-324
0.000000e+00
0.000000e+00
4.649990e-310
4.649990e-310
4.649990e-310
3.952525e-323
4.649990e-310
0.000000e+00
0.000000e+00
0.000000e+00
7.905050e-323
6.918720e-310
0.000000e+00
0.000000e+00
0.000000e+00
0.000000e+00
0.000000e+00
4.940656e-324
0.000000e+00
0.000000e+00
4.649990e-310
0.000000e+00
0.000000e+00
6.952970e-310
0.000000e+00
4.649990e-310
0.000000e+00
4.256140e-310
4.649990e-310
2.055313e-321
3.162020e-322
4.649990e-310
4.649990e-310
4.649990e-310
4.649990e-310
4.649990e-310
4.649990e-310
2.371515e-321
3.952525e-322
4.649990e-310
4.649990e-310
0.000000e+00
0.000000e+00
4.649990e-310
2.964394e-323
3.712290e-310
0.000000e+00
2.766768e-321
3.952525e-322
4.649990e-310
4.649990e-310
0.000000e+00
0.000000e+00
4.649990e-310
2.470328e-323
1.767910e-312
0.000000e+00
3.162020e-321
3.952525e-322
4.649990e-310
4.649990e-310
4.649990e-310
4.649990e-310
4.649990e-310
4.649990e-310
4.940656e-324
2.322109e-322
0.000000e+00
7.119486e-321
4.649990e-310
4.649990e-310
0.000000e+00
0.000000e+00
4.649990e-310
4.649990e-310
3.162020e-322
3.952525e-322
4.649990e-310
4.649990e-310
0.000000e+00
0.000000e+00
4.649990e-310
2.964394e-323
3.712280e-310
0.000000e+00
3.952525e-322
6.408031e-321
4.649990e-310
4.649990e-310
0.000000e+00
0.000000e+00
1.746110e-312
0.000000e+00
4.649990e-310
0.000000e+00
0.000000e+00
0.000000e+00
4.940656e-324
0.000000e+00
4.649990e-310
0.000000e+00
0.000000e+00
0.000000e+00
1.000000e+00
0.000000e+00
0.000000e+00
0.000000e+00
0.000000e+00
4.649990e-310
2.964394e-323
4.577410e-310
0.000000e+00
4.940656e-324
4.649990e-310
0.000000e+00
0.000000e+00
0.000000e+00
6.365990e-314
4.940656e-324
4.649990e-310
3.613500e-315
4.649990e-310
2.964394e-323
4.526270e-310
0.000000e+00
4.649990e-310
0.000000e+00
0.000000e+00
0.000000e+00
4.940656e-324
0.000000e+00
4.649990e-310
0.000000e+00
0.000000e+00
0.000000e+00
1.000000e+00
0.000000e+00
0.000000e+00
0.000000e+00
0.000000e+00
4.649990e-310
3.952525e-323
2.381980e+93
0.000000e+00
4.940656e-324
4.649990e-310
0.000000e+00
0.000000e+00
0.000000e+00
6.365990e-314
4.940656e-324
4.649990e-310
4.940656e-324
4.649990e-310
0.000000e+00
0.000000e+00
0.000000e+00
4.649990e-310
0.000000e+00
0.000000e+00
0.000000e+00
4.940656e-324
0.000000e+00
4.649990e-310
0.000000e+00
0.000000e+00
0.000000e+00
1.000000e+00
0.000000e+00
0.000000e+00
0.000000e+00
0.000000e+00
4.649990e-310
4.940656e-323
2.291790e+59
1.053200e-319
4.940656e-324
4.649990e-310
0.000000e+00
0.000000e+00
0.000000e+00
4.243990e-314
4.940656e-324
4.649990e-310
9.881313e-323
4.649990e-310
0.000000e+00
0.000000e+00
0.000000e+00
4.649990e-310
0.000000e+00
0.000000e+00
0.000000e+00
4.940656e-324
0.000000e+00
4.649990e-310
0.000000e+00
0.000000e+00
0.000000e+00
1.000000e+00
0.000000e+00
0.000000e+00
0.000000e+00
0.000000e+00
4.649990e-310
4.446591e-323
4.910610e+25
4.100745e-322
4.940656e-324
4.649990e-310
0.000000e+00
0.000000e+00
0.000000e+00
4.243990e-314
4.940656e-324
4.649990e-310
0.000000e+00
4.649990e-310
0.000000e+00
0.000000e+00
0.000000e+00
4.649990e-310
0.000000e+00
0.000000e+00
0.000000e+00
4.940656e-324
0.000000e+00
4.649990e-310
0.000000e+00
0.000000e+00
0.000000e+00
1.000000e+00
0.000000e+00
0.000000e+00
0.000000e+00
0.000000e+00
4.649990e-310
4.446591e-323
1.154850e+21
3.409053e-322
4.940656e-324
4.649990e-310
0.000000e+00
0.000000e+00
0.000000e+00
4.243990e-314
4.940656e-324
7.984101e-320
3.952525e-322
4.649990e-310
4.649990e-310
4.649990e-310
4.649990e-310
0.000000e+00
4.649990e-310
4.940656e-324
2.322109e-322
0.000000e+00
6.882334e-321
4.649990e-310
6.918720e-310
0.000000e+00
0.000000e+00
4.649990e-310
4.940656e-324
4.649990e-310
0.000000e+00
4.649990e-310
4.940656e-324
4.940656e-324
0.000000e+00
4.649990e-310
0.000000e+00
0.000000e+00
0.000000e+00
1.000000e+00
0.000000e+00
4.649990e-310
4.649990e-310
4.649990e-310
4.649990e-310
1.976263e-323
5.415160e-315
4.649990e-310
0.000000e+00
4.649990e-310
0.000000e+00
4.649990e-310
4.940656e-324
2.122000e-314
4.940656e-324
1.343859e-321
1.343859e-321
6.952970e-310
3.952525e-323
4.649990e-310
0.000000e+00
4.649990e-310
4.940656e-324
4.649990e-310
0.000000e+00
4.649990e-310
4.940656e-324
4.940656e-324
0.000000e+00
4.649990e-310
0.000000e+00
0.000000e+00
0.000000e+00
1.000000e+00
0.000000e+00
4.649990e-310
4.649990e-310
4.649990e-310
4.649990e-310
1.976263e-323
4.617520e-310
4.649990e-310
0.000000e+00
4.649990e-310
0.000000e+00
4.649990e-310
4.940656e-324
2.122000e-314
0.000000e+00
0.000000e+00
3.404112e-321
4.649990e-310
4.649990e-310
5.674300e-310
0.000000e+00
4.649990e-310
4.940656e-324
2.420922e-322
0.000000e+00
4.649990e-310
4.940656e-324
2.420922e-322
0.000000e+00
4.649990e-310
4.940656e-324
2.420922e-322
0.000000e+00
4.649990e-310
4.940656e-324
2.420922e-322
0.000000e+00
4.649990e-310
4.940656e-324
2.420922e-322
0.000000e+00
4.649990e-310
4.940656e-324
2.420922e-322
0.000000e+00
4.649990e-310
4.940656e-324
2.420922e-322
0.000000e+00
1.343859e-321
2.055313e-321
4.649990e-310
4.649990e-310
4.649990e-310
3.952525e-323
6.831620e+25
6.952970e-310
4.649990e-310
4.940656e-323
2.291790e+59
4.237270e-310
0.000000e+00
4.649990e-310
2.964394e-323
3.712290e-310
6.952970e-310
0.000000e+00
0.000000e+00
4.649990e-310
4.649990e-310
4.649990e-310
4.940656e-324
0.000000e+00
0.000000e+00
4.649990e-310
4.649990e-310
4.649990e-310
4.940656e-324
4.649990e-310
0.000000e+00
0.000000e+00
0.000000e+00
7.905050e-323
6.918720e-310
0.000000e+00
0.000000e+00
4.649990e-310
4.649990e-310
4.649990e-310
9.881313e-324
0.000000e+00
0.000000e+00
4.649990e-310
0.000000e+00
0.000000e+00
6.952970e-310
0.000000e+00
4.649990e-310
0.000000e+00
4.256140e-310
4.649990e-310
6.086889e-321
3.952525e-322
4.649990e-310
4.649990e-310
0.000000e+00
0.000000e+00
4.649990e-310
2.470328e-323
1.767910e-312
0.000000e+00
6.482141e-321
3.952525e-322
4.649990e-310
4.649990e-310
4.649990e-310
4.649990e-310
4.649990e-310
4.649990e-310
4.940656e-324
2.322109e-322
2.158079e-320
5.533535e-322
1.277320e+232
4.264110e+257
2.178450e+214
4.261370e+257
1.144480e+243
4.701040e+180
5.303530e+180
2.456500e+198
7.501900e+247
2.359010e+251
4.405710e-85
8.464010e-308
9.565110e-315
3.404112e-321
0.000000e+00
0.000000e+00
0.000000e+00
0.000000e+00
0.000000e+00
0.000000e+00
0.000000e+00
0.000000e+00
0.000000e+00
0.000000e+00
0.000000e+00
0.000000e+00
0.000000e+00
0.000000e+00
0.000000e+00
0.000000e+00
0.000000e+00
0.000000e+00
0.000000e+00
0.000000e+00
0.000000e+00
0.000000e+00
0.000000e+00
0.000000e+00
0.000000e+00
0.000000e+00
0.000000e+00
0.000000e+00
0.000000e+00
0.000000e+00
0.000000e+00
0.000000e+00
0.000000e+00
0.000000e+00
0.000000e+00
0.000000e+00
0.000000e+00
0.000000e+00
0.000000e+00
0.000000e+00
0.000000e+00
0.000000e+00
0.000000e+00
0.000000e+00
0.000000e+00
0.000000e+00
0.000000e+00
0.000000e+00
1.390690e-309
1.390690e-309
1.390690e-309
1.390690e-309
1.390690e-309
1.390690e-309
1.390690e-309
1.390690e-309
1.390690e-309
1.390690e-309
1.390690e-309
1.390690e-309
1.390690e-309
1.390690e-309
1.390690e-309
1.390690e-309
1.390690e-309
1.390690e-309
1.390690e-309
1.390690e-309
1.390690e-309
1.390690e-309
1.390690e-309
1.390690e-309
1.390690e-309
1.390690e-309
1.390690e-309
1.390690e-309
1.390690e-309
1.390690e-309
1.390690e-309
1.390690e-309
1.390690e-309
1.390690e-309
1.390690e-309
1.390690e-309
4.649990e-310
1.630417e-322
4.649990e-310
2.122000e-314
4.649990e-310
1.506900e-321
4.649990e-310
4.649990e-310
4.649990e-310
4.649990e-310
4.649990e-310
4.649990e-310
4.940656e-324
2.322109e-322
0.000000e+00
0.000000e+00
4.649990e-310
4.649990e-310
4.649990e-310
0.000000e+00
4.649990e-310
4.940656e-324
2.322109e-322
0.000000e+00
0.000000e+00
4.649990e-310
4.649990e-310
4.649990e-310
0.000000e+00
4.649990e-310
4.940656e-324
2.322109e-322
0.000000e+00
0.000000e+00
4.649990e-310
4.649990e-310
4.649990e-310
0.000000e+00
4.649990e-310
4.940656e-324
2.322109e-322
0.000000e+00
0.000000e+00
1.348799e-321
6.918560e-310
4.649990e-310
0.000000e+00
0.000000e+00
4.649990e-310
5.928788e-323
9.172440e+170
9.816780e-315
4.649990e-310
5.928788e-323
9.172440e+170
9.816780e-315
4.649990e-310
2.964394e-323
5.509630e-310
0.000000e+00
4.649990e-310
0.000000e+00
0.000000e+00
0.000000e+00
4.649990e-310
5.928788e-323
9.172440e+170
9.816780e-315
4.649990e-310
3.162020e-322
3.162020e-322
0.000000e+00
4.649990e-310
1.976263e-323
4.077230e-315
0.000000e+00
0.000000e+00
1.506900e-321
0.000000e+00
4.649990e-310
5.674300e-310
0.000000e+00
4.649990e-310
4.940656e-324
2.420922e-322
0.000000e+00
4.649990e-310
4.940656e-324
2.420922e-322
0.000000e+00
4.649990e-310
4.940656e-324
2.420922e-322
0.000000e+00
4.649990e-310
4.940656e-324
2.420922e-322
0.000000e+00
4.649990e-310
4.940656e-324
2.420922e-322
0.000000e+00
4.649990e-310
4.940656e-324
2.420922e-322
0.000000e+00
4.649990e-310
4.940656e-324
2.420922e-322
0.000000e+00
4.649990e-310
4.940656e-324
2.420922e-322
0.000000e+00
0.000000e+00
5.320593e-320
1.159650e-01
2.492650e+07
8.292500e-05
9.881313e-324
1.496230e-01
2.496450e+07
8.329050e-05
1.984000e+03
1.408410e-01
2.500740e+07
1.559500e+02
2.560000e+03
1.485160e-01
2.512210e+07
1.512850e+02
1.984000e+03
2.140390e-01
2.523750e+07
1.477950e+02
1.984000e+03
1.000000e+00
2.536300e+07
0.000000e+00
2.688000e+03
7.605660e-02
2.492650e+07
8.292500e-05
2.432000e+03
7.619140e-02
2.496450e+07
8.329050e-05
1.984000e+03
1.824140e-01
2.500740e+07
1.559500e+02
2.560000e+03
2.256020e-01
2.512210e+07
1.512850e+02
2.432000e+03
2.417650e-01
2.523750e+07
1.477950e+02
1.984000e+03
1.000000e+00
2.536300e+07
0.000000e+00
2.688000e+03
1.118980e-01
2.492650e+07
8.292500e-05
2.944000e+03
1.594230e-01
2.496450e+07
8.329050e-05
1.984000e+03
1.500310e-01
2.500740e+07
1.559500e+02
2.560000e+03
1.438610e-01
2.512210e+07
1.512850e+02
2.944000e+03
3.001960e-01
2.523750e+07
1.477950e+02
1.984000e+03
1.000000e+00
2.536300e+07
0.000000e+00
2.688000e+03
1.124770e-01
2.492650e+07
8.292500e-05
3.456000e+03
8.680120e-02
2.496450e+07
8.329050e-05
1.984000e+03
1.649840e-01
2.500740e+07
1.559500e+02
2.688000e+03
1.667800e-01
2.512210e+07
1.512850e+02
3.456000e+03
2.360880e-01
2.523750e+07
1.477950e+02
1.984000e+03
1.000000e+00
2.536300e+07
0.000000e+00
2.688000e+03
1.310930e-01
2.477270e+07
1.480750e+02
3.968000e+03
1.203590e-01
2.488820e+07
1.460040e+02
1.984000e+03
1.398910e-01
2.500400e+07
1.439340e+02
2.688000e+03
1.351150e-01
2.512010e+07
1.418630e+02
3.968000e+03
2.649230e-01
2.523660e+07
1.397920e+02
1.984000e+03
1.000000e+00
2.536280e+07
0.000000e+00
2.688000e+03
1.202090e-01
2.477270e+07
1.480750e+02
4.352000e+03
1.744650e-01
2.488820e+07
1.460040e+02
1.984000e+03
1.637050e-01
2.500400e+07
1.439340e+02
2.688000e+03
1.924550e-01
2.512010e+07
1.418630e+02
4.352000e+03
2.742170e-01
2.523660e+07
1.397920e+02
1.984000e+03
1.000000e+00
2.536280e+07
0.000000e+00
2.688000e+03
1.422660e-01
2.477270e+07
1.480750e+02
4.864000e+03
1.126160e-01
2.488820e+07
1.460040e+02
1.984000e+03
1.845210e-01
2.500400e+07
1.439340e+02
2.688000e+03
1.833150e-01
2.512010e+07
1.418630e+02
4.864000e+03
2.433450e-01
2.523660e+07
1.397920e+02
1.984000e+03
1.000000e+00
2.536280e+07
0.000000e+00
2.688000e+03
1.510580e-01
2.477270e+07
1.480750e+02
1.984000e+03
1.792820e-01
2.488820e+07
1.460040e+02
2.432000e+03
1.294440e-01
2.500400e+07
1.439340e+02
2.560000e+03
1.780520e-01
2.512010e+07
1.418630e+02
1.984000e+03
2.938020e-01
2.523660e+07
1.397920e+02
2.432000e+03
1.000000e+00
2.536280e+07
0.000000e+00
2.688000e+03
9.724460e-02
2.495910e+07
8.323910e-05
2.432000e+03
9.706390e-02
2.499710e+07
8.360520e-05
2.432000e+03
1.832190e-01
2.510600e+07
1.517750e+02
2.560000e+03
2.703200e-01
2.522120e+07
1.482850e+02
2.432000e+03
1.000000e+00
2.533980e+07
0.000000e+00
2.432000e+03
1.000000e+00
2.550480e+07
0.000000e+00
2.688000e+03
1.469980e-01
2.495910e+07
8.323910e-05
2.944000e+03
1.749900e-01
2.499710e+07
8.360520e-05
2.432000e+03
2.209230e-01
2.510600e+07
1.517750e+02
2.560000e+03
2.245820e-01
2.522120e+07
1.482850e+02
2.944000e+03
1.000000e+00
2.533980e+07
0.000000e+00
2.432000e+03
1.000000e+00
2.550480e+07
0.000000e+00
2.688000e+03
7.100400e-02
2.495910e+07
8.323910e-05
3.456000e+03
