4.287000e-09
-9.465770e-15
5.169740e-05
3.882530e-09
2.024530e-13
4.661010e-05
-3.873620e-05
2.609390e-13
-5.878880e-03
3.225590e-07
-6.260670e-11
4.955270e-05
-1.622290e-08
-4.792080e-11
-2.397670e-06
0.000000e+00
2.840230e-10
0.000000e+00
4.648100e-09
-8.692870e-15
5.605190e-05
3.625070e-09
-1.071400e-15
4.347110e-05
2.578810e-03
1.620710e-05
4.022870e-01
-2.171880e-04
-1.906470e-06
-3.285620e-02
-1.361560e-05
-4.071300e-07
-2.012320e-03
0.000000e+00
-4.145740e-08
0.000000e+00
4.322860e-09
2.402070e-16
5.212980e-05
3.183570e-09
-2.017920e-13
3.818570e-05
1.587620e-03
2.363340e-06
2.477700e-01
-3.208700e-04
-4.541480e-07
-4.854160e-02
-7.433800e-06
-2.860150e-08
-1.098680e-03
0.000000e+00
-1.157740e-07
0.000000e+00
4.317750e-09
1.834030e-14
5.206820e-05
4.439370e-09
-4.426030e-15
5.329590e-05
-4.383420e-05
4.092490e-13
-6.652660e-03
1.140230e-07
-1.718210e-10
1.842580e-05
-1.408210e-08
-1.051820e-10
-2.081270e-06
0.000000e+00
2.806810e-10
0.000000e+00
-2.433950e-07
7.601430e-14
-3.560650e-05
-1.957900e-07
9.250720e-13
-2.822720e-05
-2.316720e-07
3.758500e-13
-3.292450e-05
-1.005780e-07
-1.794110e-13
-1.408290e-05
8.946850e-10
3.622060e-12
1.250700e-07
0.000000e+00
2.931200e-10
0.000000e+00
-2.720600e-07
4.213940e-14
-3.980030e-05
-1.361960e-07
1.054570e-12
-1.963530e-05
-2.638780e-07
4.607470e-12
-3.750370e-05
-1.470940e-07
4.436540e-13
-2.060080e-05
8.219080e-10
-3.036900e-12
1.148960e-07
0.000000e+00
2.933060e-10
0.000000e+00
-1.626170e-07
1.578710e-13
-8.639390e-01
4.956590e-04
4.260110e-07
7.236850e-02
1.698700e-05
2.909450e-09
2.445330e-03
1.417760e-05
1.001810e-07
2.011420e-03
1.131800e-04
1.230570e-06
1.582170e-02
0.000000e+00
2.864120e-05
0.000000e+00
-2.258250e-07
2.226100e-13
-3.303650e-05
-2.432870e-07
3.756390e-12
-3.508000e-05
-2.017650e-07
4.414660e-12
-2.867260e-05
-9.359740e-08
4.700060e-13
-1.310670e-05
7.286550e-10
2.035280e-12
1.018600e-07
0.000000e+00
2.910510e-10
0.000000e+00
-6.336280e-10
2.461940e-14
-7.804800e-06
-3.995180e-09
5.917390e-13
-4.796710e-05
3.791610e-05
-4.235020e-11
5.755180e-03
2.245820e-07
-2.931660e-10
3.330210e-05
0.000000e+00
2.638930e-11
0.000000e+00
0.000000e+00
-6.454910e-09
0.000000e+00
-1.886280e-08
1.341640e-13
-2.276150e-04
-5.273810e-09
-1.734580e-12
-6.332320e-05
1.457770e-05
-1.172640e-07
2.213290e-03
-1.938710e-04
-4.593440e-06
-2.874820e-02
0.000000e+00
-8.733570e-08
0.000000e+00
0.000000e+00
-8.497270e-06
0.000000e+00
-1.532210e-09
1.292470e-26
-1.864970e-05
-1.900340e-08
-1.561680e-10
-2.281640e-04
1.880910e-05
-3.896490e-08
2.855640e-03
-1.673290e-04
-8.333750e-07
-2.481240e-02
0.000000e+00
-5.589720e-08
0.000000e+00
0.000000e+00
-6.046520e-06
0.000000e+00
-1.092410e-09
2.317630e-13
-1.331760e-05
-4.550250e-09
-3.704420e-13
-5.463130e-05
4.301970e-05
-8.961580e-11
6.530010e-03
3.546590e-07
-1.714930e-10
5.259070e-05
0.000000e+00
2.178930e-10
0.000000e+00
0.000000e+00
-3.732540e-09
0.000000e+00
1.049180e-07
1.162680e-12
1.559580e-05
6.909420e-08
5.962510e-13
1.020410e-05
1.605140e-07
-8.594360e-13
2.295200e-05
1.031330e-07
3.159430e-14
1.444720e-05
0.000000e+00
2.312390e-10
0.000000e+00
0.000000e+00
-3.478420e-10
0.000000e+00
1.581630e-07
4.240570e-13
2.334180e-05
-2.147220e-08
9.151200e-12
-2.806460e-06
2.113580e-07
-9.763250e-12
3.014880e-05
1.491230e-07
-1.326090e-12
2.088960e-05
0.000000e+00
2.347500e-10
0.000000e+00
0.000000e+00
-2.758600e-10
0.000000e+00
2.810640e-05
3.591050e-08
-4.292040e-01
3.278520e-04
1.214870e-06
4.728440e-02
2.058420e-04
1.350800e-06
2.926130e-02
6.383380e-04
9.999450e-06
8.942030e-02
0.000000e+00
1.880850e-04
0.000000e+00
0.000000e+00
5.082010e-03
0.000000e+00
1.285600e-07
2.547550e-12
1.898170e-05
-7.347120e-09
6.477030e-12
-6.011550e-07
1.273290e-07
5.295700e-13
1.824190e-05
9.548740e-08
-3.907460e-12
1.337620e-05
0.000000e+00
2.263970e-10
0.000000e+00
0.000000e+00
-3.332950e-10
0.000000e+00
-3.502380e-09
5.724680e-13
-4.207610e-05
-1.269710e-07
1.238320e-12
-1.895150e-05
1.275320e-07
-2.508020e-10
1.899770e-05
5.747820e-25
-7.836810e-10
5.265710e-23
0.000000e+00
-2.428730e-08
0.000000e+00
0.000000e+00
-4.340390e-09
0.000000e+00
-1.819120e-08
-5.443930e-11
-2.185410e-04
-2.228270e-07
-9.430450e-09
-3.325890e-05
-1.308140e-05
-3.644100e-07
-1.946180e-03
0.000000e+00
-4.933510e-07
0.000000e+00
0.000000e+00
-3.862590e-05
0.000000e+00
0.000000e+00
-5.766680e-06
0.000000e+00
-4.679950e-09
5.210320e-13
-5.622300e-05
-1.918040e-07
-3.541520e-11
-2.862790e-05
-1.291540e-05
-7.371730e-08
-1.921480e-03
0.000000e+00
-2.141070e-07
0.000000e+00
0.000000e+00
-2.864180e-05
0.000000e+00
0.000000e+00
-4.110290e-06
0.000000e+00
-3.079940e-09
8.355730e-13
-3.700110e-05
-2.632180e-07
-2.089960e-13
-3.928800e-05
1.900980e-07
-1.457180e-10
2.831450e-05
2.067950e-25
-1.845100e-10
5.293960e-23
0.000000e+00
-1.421830e-08
0.000000e+00
0.000000e+00
-2.508970e-09
0.000000e+00
-5.179280e-08
3.036950e-13
-7.149930e-06
6.060210e-08
-3.990730e-12
8.755190e-06
7.229810e-08
-4.889550e-11
1.015040e-05
-1.292470e-26
1.723150e-10
-1.654360e-24
0.000000e+00
-8.910110e-10
0.000000e+00
0.000000e+00
-2.296120e-10
0.000000e+00
-5.755330e-08
5.500340e-13
-8.013690e-06
1.037800e-07
-1.441090e-11
1.487910e-05
5.270600e-08
-2.370570e-11
7.402550e-06
-1.292470e-26
1.517020e-10
-1.654360e-24
0.000000e+00
-6.031330e-10
0.000000e+00
0.000000e+00
-1.812200e-10
0.000000e+00
1.858240e-05
8.776560e-08
2.685690e-03
1.316990e-04
1.418360e-06
1.875990e-02
7.325220e-05
1.387720e-06
1.028270e-02
2.348400e-21
5.006400e-05
-8.081820e-19
0.000000e+00
3.399070e-02
0.000000e+00
0.000000e+00
-8.411620e-02
0.000000e+00
-2.005670e-07
1.563580e-12
-2.845820e-05
1.896340e-07
-2.243940e-11
2.712740e-05
7.657780e-08
-5.039700e-12
1.075130e-05
0.000000e+00
1.742220e-10
0.000000e+00
0.000000e+00
-8.867270e-10
0.000000e+00
0.000000e+00
-2.202410e-10
0.000000e+00
-1.841470e-09
-5.346580e-13
-2.748670e-07
1.147630e-07
-5.147220e-10
1.713050e-05
8.066970e-09
-2.128930e-10
1.175960e-06
0.000000e+00
-4.030120e-09
0.000000e+00
0.000000e+00
-1.079190e-09
0.000000e+00
0.000000e+00
-2.003340e-10
0.000000e+00
-3.233940e-09
-1.479190e-10
-4.827140e-07
-1.339190e-04
-3.440670e-06
-1.998940e-02
-9.407750e-09
-3.414160e-08
-1.371420e-06
0.000000e+00
-5.279870e-06
0.000000e+00
0.000000e+00
-1.162320e-06
0.000000e+00
0.000000e+00
-2.003340e-10
0.000000e+00
-2.769900e-09
-1.158460e-10
-4.134490e-07
-1.246580e-04
-1.490570e-06
-1.860710e-02
-3.255840e-09
-9.712010e-09
-4.746210e-07
0.000000e+00
-3.802160e-06
0.000000e+00
0.000000e+00
-8.251960e-07
0.000000e+00
0.000000e+00
-2.003340e-10
0.000000e+00
-3.832800e-09
-7.566900e-13
-5.721030e-07
2.456280e-07
-1.474570e-10
3.666420e-05
1.099630e-08
-3.143400e-11
1.602980e-06
0.000000e+00
-2.424540e-09
0.000000e+00
0.000000e+00
-7.052240e-10
0.000000e+00
0.000000e+00
-2.003340e-10
0.000000e+00
1.844490e-07
-2.487430e-12
2.632940e-05
6.839550e-08
-2.739140e-11
9.620850e-06
9.294780e-10
-4.647930e-12
1.288200e-07
0.000000e+00
-3.586310e-10
0.000000e+00
0.000000e+00
-2.363170e-10
0.000000e+00
0.000000e+00
-2.002620e-10
0.000000e+00
1.665920e-07
-6.889530e-12
2.378020e-05
5.365240e-08
-1.460760e-11
7.547050e-06
2.279870e-09
-8.069230e-12
3.159760e-07
0.000000e+00
-3.089240e-10
0.000000e+00
0.000000e+00
-2.263200e-10
0.000000e+00
0.000000e+00
-2.002620e-10
0.000000e+00
7.769970e-06
9.650990e-08
1.109050e-03
2.992880e-06
1.024550e-07
4.209910e-04
1.974210e-06
6.839770e-06
2.736140e-04
0.000000e+00
3.187310e-03
0.000000e+00
0.000000e+00
2.204790e-02
0.000000e+00
0.000000e+00
-8.737760e-02
0.000000e+00
2.896360e-07
-1.350330e-11
4.134310e-05
6.392400e-08
-2.728860e-12
8.991870e-06
1.010470e-09
-3.897760e-12
1.400440e-07
0.000000e+00
-3.527360e-10
0.000000e+00
0.000000e+00
-2.340880e-10
0.000000e+00
0.000000e+00
-2.002620e-10
0.000000e+00
-8.303660e-08
3.018090e-14
-1.172890e-05
-2.644410e-06
1.240070e-10
-3.651420e-04
9.709150e-08
-2.457440e-09
1.341160e-05
0.000000e+00
-2.389130e-09
0.000000e+00
0.000000e+00
-6.229140e-09
0.000000e+00
0.000000e+00
-3.159420e-10
0.000000e+00
-1.117920e-07
1.042480e-13
-1.579020e-05
-1.716650e-06
3.620820e-10
-2.369570e-04
2.199810e-08
-3.264370e-09
3.038680e-06
0.000000e+00
1.077390e-08
0.000000e+00
0.000000e+00
5.510670e-08
0.000000e+00
0.000000e+00
3.280780e-09
0.000000e+00
-1.094290e-07
3.419000e-13
-1.545560e-05
-1.051470e-06
1.364670e-09
-1.450370e-04
2.165700e-07
-2.273360e-10
2.991570e-05
0.000000e+00
-6.791340e-10
0.000000e+00
0.000000e+00
-8.139000e-09
0.000000e+00
0.000000e+00
-4.340570e-10
0.000000e+00
-8.709910e-08
1.335410e-13
-1.230070e-05
-1.764180e-06
5.413950e-10
-2.435040e-04
1.652570e-07
-6.330590e-10
2.282750e-05
0.000000e+00
-1.163210e-09
0.000000e+00
0.000000e+00
-7.827760e-09
0.000000e+00
0.000000e+00
-4.135520e-10
0.000000e+00
-4.256570e-08
9.103650e-14
-6.012670e-06
-2.933640e-08
3.129860e-11
-4.040020e-06
2.678140e-09
-2.135200e-10
3.699430e-07
0.000000e+00
-8.639480e-10
0.000000e+00
0.000000e+00
-1.485430e-10
0.000000e+00
0.000000e+00
5.011500e-11
0.000000e+00
-4.584660e-08
4.502820e-13
-6.475250e-06
-4.448600e-08
1.068740e-10
-6.129920e-06
5.140570e-09
-1.711460e-10
7.100880e-07
0.000000e+00
-1.450640e-09
0.000000e+00
0.000000e+00
-3.643030e-10
0.000000e+00
0.000000e+00
3.671990e-11
0.000000e+00
-5.163430e-08
6.105610e-13
-7.291120e-06
-5.549480e-09
-3.253440e-10
-7.663160e-07
-1.428240e-11
-1.384730e-08
-1.972880e-09
0.000000e+00
-2.347250e-05
0.000000e+00
0.000000e+00
-7.030020e-04
0.000000e+00
0.000000e+00
3.848390e-02
0.000000e+00
-7.377900e-08
6.615760e-13
-1.042130e-05
1.245510e-08
6.500080e-10
1.761200e-06
3.485240e-09
1.126760e-11
4.814310e-07
0.000000e+00
-7.604320e-10
0.000000e+00
0.000000e+00
-1.545420e-10
0.000000e+00
0.000000e+00
4.947190e-11
0.000000e+00
-1.864920e-06
4.582920e-10
-2.570670e-04
2.597650e-06
-6.684930e-10
3.588240e-04
0.000000e+00
-7.192530e-10
0.000000e+00
0.000000e+00
-1.586200e-08
0.000000e+00
0.000000e+00
-1.353970e-09
0.000000e+00
0.000000e+00
-1.068320e-10
0.000000e+00
-1.563280e-06
-2.535460e-09
-2.162610e-04
1.449600e-05
8.411140e-10
2.002400e-03
0.000000e+00
1.764100e-08
0.000000e+00
0.000000e+00
1.566120e-07
0.000000e+00
0.000000e+00
1.172620e-08
0.000000e+00
0.000000e+00
6.585880e-10
0.000000e+00
-1.723930e-06
5.052880e-09
-2.374380e-04
9.035270e-07
-6.736620e-10
1.248080e-04
0.000000e+00
-1.880280e-09
0.000000e+00
0.000000e+00
-1.983310e-08
0.000000e+00
0.000000e+00
-1.749350e-09
0.000000e+00
0.000000e+00
-1.316530e-10
0.000000e+00
-2.013570e-06
2.502380e-09
-2.775190e-04
1.656650e-06
-6.850640e-10
2.288400e-04
0.000000e+00
-1.064960e-09
0.000000e+00
0.000000e+00
-1.944300e-08
0.000000e+00
0.000000e+00
-1.687190e-09
0.000000e+00
0.000000e+00
-1.274030e-10
0.000000e+00
-3.130110e-08
2.629440e-11
-4.195680e-06
3.225350e-08
-7.797850e-11
4.455300e-06
0.000000e+00
-7.941540e-10
0.000000e+00
0.000000e+00
-5.836100e-10
0.000000e+00
0.000000e+00
-7.147870e-11
0.000000e+00
0.000000e+00
-2.935730e-11
0.000000e+00
-7.574140e-09
3.311990e-10
-9.066190e-07
4.623590e-08
-6.050480e-11
6.386740e-06
0.000000e+00
-1.265420e-09
0.000000e+00
0.000000e+00
-1.116360e-09
0.000000e+00
0.000000e+00
-1.168730e-10
0.000000e+00
0.000000e+00
-3.218180e-11
0.000000e+00
-3.615350e-07
-5.509610e-08
-5.084670e-05
1.762380e-09
-1.417930e-07
2.434450e-07
0.000000e+00
-3.030350e-04
0.000000e+00
0.000000e+00
-8.579410e-03
0.000000e+00
0.000000e+00
-1.796960e-02
0.000000e+00
0.000000e+00
4.517740e-02
0.000000e+00
-8.871420e-08
1.327380e-11
-1.203870e-05
1.771500e-09
-9.809610e-12
2.447040e-07
0.000000e+00
-6.590450e-10
0.000000e+00
0.000000e+00
-5.421130e-10
0.000000e+00
0.000000e+00
-7.229860e-11
0.000000e+00
0.000000e+00
-2.948050e-11
0.000000e+00
2.011640e-06
-1.262990e-10
2.778760e-04
-6.927870e-11
-1.489600e-11
-9.569750e-09
0.000000e+00
-1.284060e-09
0.000000e+00
0.000000e+00
-1.132820e-10
0.000000e+00
0.000000e+00
-4.636810e-11
0.000000e+00
0.000000e+00
-4.014710e-11
0.000000e+00
1.541230e-06
-1.788680e-10
2.128960e-04
-1.296350e-05
6.907670e-10
-1.790690e-03
0.000000e+00
1.088600e-08
0.000000e+00
0.000000e+00
5.868420e-10
0.000000e+00
0.000000e+00
2.018820e-11
0.000000e+00
0.000000e+00
-4.014710e-11
0.000000e+00
1.933670e-06
-1.419160e-11
2.671060e-04
-1.249370e-10
-3.517360e-10
-1.725800e-08
0.000000e+00
-1.673790e-09
0.000000e+00
0.000000e+00
-1.363660e-10
0.000000e+00
0.000000e+00
-4.860730e-11
0.000000e+00
0.000000e+00
-4.014710e-11
0.000000e+00
2.194310e-06
-7.114070e-11
3.031090e-04
-1.103300e-10
-8.241220e-11
-1.524030e-08
0.000000e+00
-1.607430e-09
0.000000e+00
0.000000e+00
-1.323470e-10
0.000000e+00
0.000000e+00
-4.820860e-11
0.000000e+00
0.000000e+00
-4.014710e-11
0.000000e+00
7.116550e-08
-6.199260e-12
9.830370e-06
0.000000e+00
-1.449330e-10
0.000000e+00
0.000000e+00
-8.159620e-11
0.000000e+00
0.000000e+00
-4.204630e-11
0.000000e+00
0.000000e+00
-3.952190e-11
0.000000e+00
0.000000e+00
-4.014710e-11
0.000000e+00
5.095220e-08
-9.696800e-12
7.038230e-06
0.000000e+00
-2.449450e-10
0.000000e+00
0.000000e+00
-1.239780e-10
0.000000e+00
0.000000e+00
-4.463270e-11
0.000000e+00
0.000000e+00
-3.977420e-11
0.000000e+00
0.000000e+00
-4.014710e-11
0.000000e+00
7.697880e-08
-2.408010e-09
1.063340e-05
0.000000e+00
-6.305620e-06
0.000000e+00
0.000000e+00
-1.377020e-04
0.000000e+00
0.000000e+00
-1.628390e-03
0.000000e+00
0.000000e+00
3.690180e-02
0.000000e+00
0.000000e+00
-4.014700e-11
0.000000e+00
1.562960e-07
-2.768650e-13
2.158970e-05
0.000000e+00
-2.706350e-10
0.000000e+00
0.000000e+00
-8.272600e-11
0.000000e+00
0.000000e+00
-4.217200e-11
0.000000e+00
0.000000e+00
-3.953610e-11
0.000000e+00
0.000000e+00
-4.014710e-11
0.000000e+00
4.649990e-310
3.992544e-320
0.000000e+00
0.000000e+00
0.000000e+00
0.000000e+00
0.000000e+00
0.000000e+00
0.000000e+00
0.000000e+00
0.000000e+00
0.000000e+00
0.000000e+00
0.000000e+00
0.000000e+00
0.000000e+00
0.000000e+00
0.000000e+00
0.000000e+00
0.000000e+00
0.000000e+00
0.000000e+00
0.000000e+00
0.000000e+00
0.000000e+00
0.000000e+00
0.000000e+00
0.000000e+00
0.000000e+00
0.000000e+00
0.000000e+00
0.000000e+00
0.000000e+00
0.000000e+00
0.000000e+00
0.000000e+00
0.000000e+00
0.000000e+00
0.000000e+00
0.000000e+00
0.000000e+00
0.000000e+00
0.000000e+00
0.000000e+00
0.000000e+00
0.000000e+00
0.000000e+00
0.000000e+00
0.000000e+00
0.000000e+00
0.000000e+00
0.000000e+00
0.000000e+00
0.000000e+00
0.000000e+00
0.000000e+00
0.000000e+00
0.000000e+00
0.000000e+00
0.000000e+00
0.000000e+00
0.000000e+00
0.000000e+00
0.000000e+00
0.000000e+00
0.000000e+00
0.000000e+00
0.000000e+00
0.000000e+00
0.000000e+00
0.000000e+00
0.000000e+00
0.000000e+00
0.000000e+00
0.000000e+00
0.000000e+00
0.000000e+00
0.000000e+00
0.000000e+00
0.000000e+00
0.000000e+00
0.000000e+00
0.000000e+00
0.000000e+00
0.000000e+00
0.000000e+00
0.000000e+00
0.000000e+00
0.000000e+00
0.000000e+00
0.000000e+00
0.000000e+00
0.000000e+00
0.000000e+00
0.000000e+00
0.000000e+00
0.000000e+00
0.000000e+00
0.000000e+00
0.000000e+00
0.000000e+00
0.000000e+00
0.000000e+00
0.000000e+00
0.000000e+00
0.000000e+00
0.000000e+00
0.000000e+00
0.000000e+00
0.000000e+00
0.000000e+00
0.000000e+00
0.000000e+00
0.000000e+00
0.000000e+00
0.000000e+00
0.000000e+00
0.000000e+00
0.000000e+00
0.000000e+00
0.000000e+00
0.000000e+00
0.000000e+00
0.000000e+00
0.000000e+00
0.000000e+00
0.000000e+00
0.000000e+00
0.000000e+00
0.000000e+00
0.000000e+00
0.000000e+00
0.000000e+00
0.000000e+00
0.000000e+00
0.000000e+00
0.000000e+00
0.000000e+00
0.000000e+00
0.000000e+00
0.000000e+00
0.000000e+00
0.000000e+00
0.000000e+00
0.000000e+00
0.000000e+00
0.000000e+00
0.000000e+00
0.000000e+00
0.000000e+00
0.000000e+00
0.000000e+00
0.000000e+00
0.000000e+00
0.000000e+00
0.000000e+00
0.000000e+00
0.000000e+00
0.000000e+00
0.000000e+00
0.000000e+00
0.000000e+00
0.000000e+00
0.000000e+00
0.000000e+00
0.000000e+00
0.000000e+00
0.000000e+00
0.000000e+00
0.000000e+00
0.000000e+00
0.000000e+00
0.000000e+00
0.000000e+00
0.000000e+00
0.000000e+00
0.000000e+00
0.000000e+00
0.000000e+00
0.000000e+00
0.000000e+00
0.000000e+00
0.000000e+00
0.000000e+00
0.000000e+00
0.000000e+00
0.000000e+00
0.000000e+00
0.000000e+00
0.000000e+00
0.000000e+00
0.000000e+00
0.000000e+00
0.000000e+00
0.000000e+00
0.000000e+00
0.000000e+00
0.000000e+00
0.000000e+00
0.000000e+00
0.000000e+00
0.000000e+00
0.000000e+00
0.000000e+00
0.000000e+00
0.000000e+00
0.000000e+00
0.000000e+00
0.000000e+00
0.000000e+00
0.000000e+00
0.000000e+00
0.000000e+00
0.000000e+00
0.000000e+00
0.000000e+00
0.000000e+00
0.000000e+00
0.000000e+00
0.000000e+00
0.000000e+00
0.000000e+00
0.000000e+00
0.000000e+00
0.000000e+00
0.000000e+00
0.000000e+00
0.000000e+00
0.000000e+00
0.000000e+00
0.000000e+00
0.000000e+00
0.000000e+00
0.000000e+00
0.000000e+00
0.000000e+00
0.000000e+00
0.000000e+00
0.000000e+00
0.000000e+00
0.000000e+00
0.000000e+00
0.000000e+00
0.000000e+00
0.000000e+00
0.000000e+00
0.000000e+00
0.000000e+00
0.000000e+00
0.000000e+00
0.000000e+00
0.000000e+00
0.000000e+00
0.000000e+00
0.000000e+00
0.000000e+00
0.000000e+00
0.000000e+00
0.000000e+00
0.000000e+00
0.000000e+00
0.000000e+00
0.000000e+00
0.000000e+00
0.000000e+00
0.000000e+00
0.000000e+00
0.000000e+00
0.000000e+00
0.000000e+00
0.000000e+00
0.000000e+00
0.000000e+00
0.000000e+00
0.000000e+00
0.000000e+00
0.000000e+00
0.000000e+00
0.000000e+00
0.000000e+00
0.000000e+00
0.000000e+00
0.000000e+00
0.000000e+00
0.000000e+00
0.000000e+00
0.000000e+00
0.000000e+00
0.000000e+00
0.000000e+00
0.000000e+00
0.000000e+00
0.000000e+00
0.000000e+00
0.000000e+00
0.000000e+00
0.000000e+00
0.000000e+00
0.000000e+00
0.000000e+00
0.000000e+00
0.000000e+00
0.000000e+00
0.000000e+00
0.000000e+00
0.000000e+00
0.000000e+00
0.000000e+00
0.000000e+00
0.000000e+00
0.000000e+00
0.000000e+00
0.000000e+00
0.000000e+00
0.000000e+00
0.000000e+00
0.000000e+00
0.000000e+00
0.000000e+00
0.000000e+00
0.000000e+00
0.000000e+00
0.000000e+00
0.000000e+00
0.000000e+00
0.000000e+00
0.000000e+00
0.000000e+00
0.000000e+00
0.000000e+00
0.000000e+00
0.000000e+00
0.000000e+00
0.000000e+00
0.000000e+00
0.000000e+00
0.000000e+00
0.000000e+00
0.000000e+00
0.000000e+00
0.000000e+00
0.000000e+00
0.000000e+00
0.000000e+00
0.000000e+00
0.000000e+00
0.000000e+00
0.000000e+00
0.000000e+00
0.000000e+00
0.000000e+00
0.000000e+00
0.000000e+00
0.000000e+00
0.000000e+00
0.000000e+00
0.000000e+00
0.000000e+00
0.000000e+00
0.000000e+00
0.000000e+00
0.000000e+00
0.000000e+00
0.000000e+00
0.000000e+00
0.000000e+00
0.000000e+00
0.000000e+00
0.000000e+00
0.000000e+00
0.000000e+00
0.000000e+00
0.000000e+00
0.000000e+00
0.000000e+00
0.000000e+00
0.000000e+00
0.000000e+00
0.000000e+00
0.000000e+00
0.000000e+00
0.000000e+00
0.000000e+00
0.000000e+00
0.000000e+00
0.000000e+00
0.000000e+00
0.000000e+00
0.000000e+00
0.000000e+00
0.000000e+00
0.000000e+00
0.000000e+00
0.000000e+00
0.000000e+00
0.000000e+00
0.000000e+00
0.000000e+00
0.000000e+00
0.000000e+00
0.000000e+00
0.000000e+00
0.000000e+00
0.000000e+00
0.000000e+00
0.000000e+00
0.000000e+00
0.000000e+00
0.000000e+00
0.000000e+00
0.000000e+00
0.000000e+00
0.000000e+00
0.000000e+00
0.000000e+00
0.000000e+00
0.000000e+00
0.000000e+00
0.000000e+00
0.000000e+00
0.000000e+00
0.000000e+00
0.000000e+00
0.000000e+00
0.000000e+00
0.000000e+00
0.000000e+00
0.000000e+00
0.000000e+00
0.000000e+00
0.000000e+00
0.000000e+00
0.000000e+00
0.000000e+00
0.000000e+00
0.000000e+00
0.000000e+00
0.000000e+00
0.000000e+00
0.000000e+00
0.000000e+00
0.000000e+00
0.000000e+00
0.000000e+00
0.000000e+00
0.000000e+00
0.000000e+00
0.000000e+00
0.000000e+00
0.000000e+00
0.000000e+00
0.000000e+00
0.000000e+00
0.000000e+00
0.000000e+00
0.000000e+00
0.000000e+00
0.000000e+00
0.000000e+00
0.000000e+00
0.000000e+00
0.000000e+00
0.000000e+00
0.000000e+00
0.000000e+00
0.000000e+00
0.000000e+00
0.000000e+00
0.000000e+00
0.000000e+00
0.000000e+00
0.000000e+00
0.000000e+00
0.000000e+00
0.000000e+00
0.000000e+00
0.000000e+00
0.000000e+00
0.000000e+00
0.000000e+00
0.000000e+00
0.000000e+00
0.000000e+00
0.000000e+00
0.000000e+00
0.000000e+00
0.000000e+00
0.000000e+00
0.000000e+00
0.000000e+00
0.000000e+00
0.000000e+00
0.000000e+00
0.000000e+00
0.000000e+00
0.000000e+00
0.000000e+00
0.000000e+00
0.000000e+00
0.000000e+00
0.000000e+00
0.000000e+00
0.000000e+00
0.000000e+00
0.000000e+00
0.000000e+00
0.000000e+00
0.000000e+00
0.000000e+00
0.000000e+00
0.000000e+00
0.000000e+00
0.000000e+00
0.000000e+00
0.000000e+00
0.000000e+00
0.000000e+00
0.000000e+00
0.000000e+00
0.000000e+00
0.000000e+00
0.000000e+00
0.000000e+00
0.000000e+00
0.000000e+00
0.000000e+00
0.000000e+00
0.000000e+00
0.000000e+00
0.000000e+00
0.000000e+00
0.000000e+00
0.000000e+00
0.000000e+00
0.000000e+00
0.000000e+00
0.000000e+00
0.000000e+00
0.000000e+00
0.000000e+00
0.000000e+00
0.000000e+00
0.000000e+00
0.000000e+00
0.000000e+00
0.000000e+00
0.000000e+00
0.000000e+00
0.000000e+00
0.000000e+00
0.000000e+00
0.000000e+00
0.000000e+00
0.000000e+00
0.000000e+00
0.000000e+00
0.000000e+00
0.000000e+00
0.000000e+00
0.000000e+00
0.000000e+00
0.000000e+00
0.000000e+00
0.000000e+00
0.000000e+00
0.000000e+00
0.000000e+00
0.000000e+00
0.000000e+00
0.000000e+00
0.000000e+00
0.000000e+00
0.000000e+00
0.000000e+00
0.000000e+00
0.000000e+00
0.000000e+00
0.000000e+00
0.000000e+00
0.000000e+00
0.000000e+00
0.000000e+00
0.000000e+00
0.000000e+00
0.000000e+00
0.000000e+00
0.000000e+00
0.000000e+00
0.000000e+00
0.000000e+00
0.000000e+00
0.000000e+00
0.000000e+00
0.000000e+00
0.000000e+00
0.000000e+00
0.000000e+00
0.000000e+00
0.000000e+00
0.000000e+00
0.000000e+00
0.000000e+00
0.000000e+00
0.000000e+00
0.000000e+00
0.000000e+00
0.000000e+00
0.000000e+00
0.000000e+00
0.000000e+00
0.000000e+00
0.000000e+00
0.000000e+00
0.000000e+00
0.000000e+00
0.000000e+00
0.000000e+00
0.000000e+00
0.000000e+00
0.000000e+00
0.000000e+00
0.000000e+00
0.000000e+00
0.000000e+00
0.000000e+00
0.000000e+00
0.000000e+00
0.000000e+00
0.000000e+00
0.000000e+00
0.000000e+00
0.000000e+00
0.000000e+00
0.000000e+00
0.000000e+00
0.000000e+00
0.000000e+00
0.000000e+00
0.000000e+00
0.000000e+00
0.000000e+00
0.000000e+00
0.000000e+00
0.000000e+00
0.000000e+00
0.000000e+00
0.000000e+00
0.000000e+00
0.000000e+00
0.000000e+00
0.000000e+00
0.000000e+00
0.000000e+00
0.000000e+00
0.000000e+00
0.000000e+00
0.000000e+00
0.000000e+00
0.000000e+00
0.000000e+00
0.000000e+00
0.000000e+00
0.000000e+00
0.000000e+00
0.000000e+00
0.000000e+00
0.000000e+00
0.000000e+00
0.000000e+00
0.000000e+00
0.000000e+00
0.000000e+00
0.000000e+00
0.000000e+00
0.000000e+00
0.000000e+00
0.000000e+00
0.000000e+00
0.000000e+00
0.000000e+00
0.000000e+00
0.000000e+00
0.000000e+00
0.000000e+00
0.000000e+00
0.000000e+00
0.000000e+00
0.000000e+00
0.000000e+00
0.000000e+00
0.000000e+00
0.000000e+00
0.000000e+00
0.000000e+00
0.000000e+00
0.000000e+00
0.000000e+00
0.000000e+00
0.000000e+00
0.000000e+00
0.000000e+00
0.000000e+00
0.000000e+00
0.000000e+00
0.000000e+00
0.000000e+00
0.000000e+00
0.000000e+00
0.000000e+00
0.000000e+00
0.000000e+00
0.000000e+00
0.000000e+00
0.000000e+00
0.000000e+00
0.000000e+00
0.000000e+00
0.000000e+00
0.000000e+00
0.000000e+00
0.000000e+00
0.000000e+00
0.000000e+00
0.000000e+00
0.000000e+00
0.000000e+00
0.000000e+00
0.000000e+00
0.000000e+00
0.000000e+00
0.000000e+00
0.000000e+00
0.000000e+00
0.000000e+00
0.000000e+00
0.000000e+00
0.000000e+00
0.000000e+00
0.000000e+00
0.000000e+00
0.000000e+00
0.000000e+00
0.000000e+00
0.000000e+00
0.000000e+00
0.000000e+00
0.000000e+00
0.000000e+00
0.000000e+00
0.000000e+00
0.000000e+00
0.000000e+00
0.000000e+00
0.000000e+00
0.000000e+00
0.000000e+00
0.000000e+00
0.000000e+00
0.000000e+00
0.000000e+00
0.000000e+00
0.000000e+00
0.000000e+00
0.000000e+00
0.000000e+00
0.000000e+00
0.000000e+00
0.000000e+00
0.000000e+00
0.000000e+00
0.000000e+00
0.000000e+00
0.000000e+00
0.000000e+00
0.000000e+00
0.000000e+00
0.000000e+00
0.000000e+00
0.000000e+00
0.000000e+00
0.000000e+00
0.000000e+00
0.000000e+00
0.000000e+00
0.000000e+00
0.000000e+00
0.000000e+00
0.000000e+00
0.000000e+00
0.000000e+00
0.000000e+00
0.000000e+00
0.000000e+00
0.000000e+00
0.000000e+00
0.000000e+00
0.000000e+00
0.000000e+00
0.000000e+00
0.000000e+00
0.000000e+00
0.000000e+00
0.000000e+00
0.000000e+00
0.000000e+00
0.000000e+00
0.000000e+00
0.000000e+00
0.000000e+00
0.000000e+00
0.000000e+00
0.000000e+00
0.000000e+00
0.000000e+00
0.000000e+00
0.000000e+00
0.000000e+00
0.000000e+00
0.000000e+00
0.000000e+00
0.000000e+00
0.000000e+00
0.000000e+00
0.000000e+00
0.000000e+00
0.000000e+00
0.000000e+00
0.000000e+00
0.000000e+00
0.000000e+00
0.000000e+00
0.000000e+00
0.000000e+00
0.000000e+00
0.000000e+00
0.000000e+00
0.000000e+00
0.000000e+00
0.000000e+00
0.000000e+00
0.000000e+00
0.000000e+00
0.000000e+00
0.000000e+00
0.000000e+00
0.000000e+00
0.000000e+00
0.000000e+00
0.000000e+00
0.000000e+00
0.000000e+00
0.000000e+00
0.000000e+00
0.000000e+00
0.000000e+00
0.000000e+00
0.000000e+00
0.000000e+00
0.000000e+00
0.000000e+00
0.000000e+00
0.000000e+00
0.000000e+00
0.000000e+00
0.000000e+00
0.000000e+00
0.000000e+00
0.000000e+00
0.000000e+00
0.000000e+00
0.000000e+00
0.000000e+00
0.000000e+00
0.000000e+00
0.000000e+00
0.000000e+00
0.000000e+00
0.000000e+00
0.000000e+00
0.000000e+00
0.000000e+00
0.000000e+00
0.000000e+00
0.000000e+00
0.000000e+00
0.000000e+00
0.000000e+00
0.000000e+00
0.000000e+00
0.000000e+00
0.000000e+00
0.000000e+00
0.000000e+00
0.000000e+00
0.000000e+00
0.000000e+00
0.000000e+00
0.000000e+00
0.000000e+00
0.000000e+00
0.000000e+00
0.000000e+00
0.000000e+00
0.000000e+00
0.000000e+00
0.000000e+00
0.000000e+00
0.000000e+00
0.000000e+00
0.000000e+00
0.000000e+00
0.000000e+00
0.000000e+00
0.000000e+00
0.000000e+00
0.000000e+00
0.000000e+00
0.000000e+00
0.000000e+00
0.000000e+00
0.000000e+00
0.000000e+00
0.000000e+00
0.000000e+00
0.000000e+00
0.000000e+00
0.000000e+00
0.000000e+00
0.000000e+00
0.000000e+00
0.000000e+00
0.000000e+00
0.000000e+00
0.000000e+00
0.000000e+00
0.000000e+00
0.000000e+00
0.000000e+00
0.000000e+00
0.000000e+00
0.000000e+00
0.000000e+00
0.000000e+00
0.000000e+00
0.000000e+00
0.000000e+00
0.000000e+00
0.000000e+00
0.000000e+00
0.000000e+00
0.000000e+00
0.000000e+00
0.000000e+00
0.000000e+00
0.000000e+00
0.000000e+00
0.000000e+00
0.000000e+00
0.000000e+00
0.000000e+00
0.000000e+00
0.000000e+00
0.000000e+00
0.000000e+00
0.000000e+00
0.000000e+00
0.000000e+00
0.000000e+00
0.000000e+00
0.000000e+00
0.000000e+00
0.000000e+00
0.000000e+00
0.000000e+00
0.000000e+00
0.000000e+00
0.000000e+00
0.000000e+00
0.000000e+00
0.000000e+00
0.000000e+00
0.000000e+00
0.000000e+00
0.000000e+00
0.000000e+00
0.000000e+00
0.000000e+00
0.000000e+00
0.000000e+00
0.000000e+00
0.000000e+00
0.000000e+00
0.000000e+00
0.000000e+00
0.000000e+00
0.000000e+00
0.000000e+00
0.000000e+00
0.000000e+00
0.000000e+00
0.000000e+00
0.000000e+00
0.000000e+00
0.000000e+00
0.000000e+00
0.000000e+00
0.000000e+00
0.000000e+00
0.000000e+00
0.000000e+00
4.649990e-310
3.992544e-320
-9.109400e-13
8.151150e-03
-3.635070e-28
-5.481690e-11
1.118750e-03
7.148270e-17
7.644260e-09
-2.125110e+01
3.524070e-07
-2.722540e-10
1.891750e+00
5.766460e-08
-1.071690e-11
1.613010e-01
-2.382280e-23
0.000000e+00
3.658930e-02
0.000000e+00
-1.118390e-11
1.498490e-01
1.163220e-26
-1.529760e-10
2.374030e+00
3.821540e-14
-4.622540e-06
2.570150e+04
1.258070e-03
-3.250560e-07
1.563750e+03
2.224990e-06
3.847810e-07
1.194520e+02
2.591920e-20
0.000000e+00
4.808860e+01
0.000000e+00
-1.059070e-11
9.751430e-02
1.163220e-26
7.978170e-08
1.550400e-01
2.601900e-15
-2.993770e-06
2.014920e+04
1.129090e-03
-1.956250e-07
1.410320e+03
1.529720e-06
3.371390e-07
1.241680e+02
0.000000e+00
0.000000e+00
3.420060e+01
0.000000e+00
-9.700410e-13
7.631840e-03
0.000000e+00
-1.192020e-13
6.943860e-04
6.063050e-17
1.635190e-08
-2.128550e+01
3.963050e-07
-2.937470e-10
1.831050e+00
5.087680e-08
-3.832650e-11
1.029990e-01
-1.191140e-23
0.000000e+00
2.116870e-02
0.000000e+00
3.397740e-11
-1.922270e-01
1.306170e-09
2.182020e-11
-1.413270e-01
2.186260e-09
3.597000e-11
-1.044920e-01
1.780940e-09
2.224380e-11
-4.732730e-02
1.005950e-09
-3.300630e-11
1.303890e-02
5.955700e-24
0.000000e+00
1.759000e-03
0.000000e+00
2.773390e-11
-1.920850e-01
1.269490e-09
9.432390e-11
-1.568610e-01
2.172150e-09
7.806840e-11
-1.102830e-01
1.765890e-09
1.564020e-10
-4.898270e-02
1.134840e-09
-3.449950e-11
1.050410e-02
0.000000e+00
0.000000e+00
1.344670e-03
0.000000e+00
3.352400e-06
-2.307600e+04
-1.398030e-01
1.402090e-07
-1.277680e+03
7.852640e-06
1.811030e-07
-1.165780e+03
2.046150e-05
2.164000e-06
-1.421450e+04
1.691510e-04
-2.771040e-04
-7.913580e+04
5.955700e-24
0.000000e+00
-9.125090e+05
0.000000e+00
5.821270e-11
-2.100440e-01
1.424590e-09
1.073660e-10
-1.498680e-01
2.129610e-09
2.359760e-11
-1.006590e-01
1.740560e-09
1.062680e-10
-5.295380e-02
1.097440e-09
-2.853820e-11
1.026950e-02
-2.977850e-24
0.000000e+00
1.667400e-03
0.000000e+00
-2.226640e-13
2.496500e-03
7.311680e-17
2.199680e-11
-4.533000e-03
5.293500e-17
-5.231440e-09
3.533200e+00
7.151580e-08
-5.920900e-09
2.098820e+00
4.573980e-21
0.000000e+00
1.735560e-01
0.000000e+00
0.000000e+00
3.660750e-02
0.000000e+00
-8.820080e-12
1.244960e-01
3.261370e-15
3.207010e-07
2.409630e+00
1.022490e-13
-6.757060e-06
2.445220e+04
5.421260e-04
-2.336690e-07
1.574430e+03
-1.756410e-17
0.000000e+00
2.294440e+02
0.000000e+00
0.000000e+00
4.821880e+01
0.000000e+00
-6.384210e-12
9.200570e-02
2.093700e-15
1.828740e-08
1.306610e-01
5.467320e-15
-3.435650e-06
1.944840e+04
4.288900e-04
-6.683550e-07
1.415190e+03
0.000000e+00
0.000000e+00
1.632940e+02
0.000000e+00
0.000000e+00
3.429800e+01
0.000000e+00
-2.028180e-12
1.971790e-03
6.560830e-17
-1.880920e-11
-4.984710e-03
4.219920e-17
-1.334040e-08
3.476400e+00
8.192110e-08
-3.120850e-09
2.090520e+00
-2.439450e-20
0.000000e+00
9.982200e-02
0.000000e+00
0.000000e+00
2.114700e-02
0.000000e+00
2.480010e-12
-9.560740e-02
2.049690e-09
2.414650e-11
-4.614640e-02
2.951300e-09
-8.515330e-13
1.678620e-02
1.588250e-09
-1.809740e-10
7.273000e-02
-1.905820e-22
0.000000e+00
7.909460e-03
0.000000e+00
0.000000e+00
1.688310e-03
0.000000e+00
3.697480e-12
-9.554090e-02
1.939990e-09
1.033140e-10
-6.281000e-02
3.264050e-09
-5.540770e-11
1.081120e-02
1.710300e-09
-2.339730e-10
7.176060e-02
-7.861520e-22
0.000000e+00
5.952490e-03
0.000000e+00
0.000000e+00
1.272930e-03
0.000000e+00
4.212690e-06
-2.255300e+04
-7.266960e-02
1.761680e-07
-1.295920e+03
1.508570e-05
1.069610e-07
-1.073480e+03
2.875570e-05
-1.179800e-04
-1.409490e+04
-1.487010e-17
0.000000e+00
-1.472470e+05
0.000000e+00
0.000000e+00
-9.149950e+05
0.000000e+00
-8.731730e-12
-1.140650e-01
2.287770e-09
-7.224630e-11
-5.399050e-02
2.708620e-09
3.657530e-11
2.004030e-02
1.678830e-09
-2.589950e-10
6.635230e-02
-2.382280e-23
0.000000e+00
7.503410e-03
0.000000e+00
0.000000e+00
1.596690e-03
0.000000e+00
-3.738020e-11
-3.156920e-03
1.831930e-17
6.378650e-10
-7.700230e-02
2.023960e-09
-5.611060e-09
3.586320e+00
1.593600e-08
5.861310e-10
1.053000e+00
-7.522370e-23
0.000000e+00
1.754340e-01
0.000000e+00
0.000000e+00
3.717720e-02
0.000000e+00
1.862030e-08
9.621080e-02
6.407520e-15
-2.122510e-07
2.688410e+02
-1.908590e-05
-3.098290e-05
2.349170e+04
5.770690e-05
6.962040e-07
1.613000e+03
0.000000e+00
0.000000e+00
2.336010e+02
0.000000e+00
0.000000e+00
4.909050e+01
0.000000e+00
1.769960e-08
8.838490e-02
6.068310e-15
-1.074390e-07
3.032400e+02
-1.726290e-05
-1.882820e-05
1.876290e+04
6.875560e-05
4.535570e-07
1.187990e+03
0.000000e+00
0.000000e+00
1.665300e+02
0.000000e+00
0.000000e+00
3.492370e+01
0.000000e+00
-9.882140e-11
-3.689130e-03
-1.298510e-18
3.171170e-10
-1.027950e-01
3.896410e-10
-3.482140e-09
3.597170e+00
2.210160e-08
3.162950e-10
6.055280e-01
0.000000e+00
0.000000e+00
1.008350e-01
0.000000e+00
0.000000e+00
2.144190e-02
0.000000e+00
7.839230e-11
-1.775320e-03
2.474560e-09
3.108720e-10
1.240630e-01
2.644010e-09
-1.687750e-10
1.326130e-01
4.489810e-10
1.452920e-11
3.535490e-02
0.000000e+00
0.000000e+00
7.829420e-03
0.000000e+00
0.000000e+00
1.642030e-03
0.000000e+00
1.875610e-10
-2.650070e-03
2.882120e-09
2.989840e-12
1.088720e-01
1.988710e-09
-1.013030e-11
1.241120e-01
9.433400e-10
1.198030e-11
2.337830e-02
0.000000e+00
0.000000e+00
5.849990e-03
0.000000e+00
0.000000e+00
1.219390e-03
0.000000e+00
4.761300e-06
-2.171470e+04
-2.239660e-04
4.630130e-08
-1.360990e+03
2.869690e-05
-1.176820e-05
-1.090690e+03
1.069080e-05
-1.015260e-05
-3.158990e+04
-1.844820e-18
0.000000e+00
-1.397270e+05
0.000000e+00
0.000000e+00
-9.315970e+05
0.000000e+00
3.469270e-10
-2.242250e-02
3.768810e-09
7.089030e-12
1.204050e-01
1.686130e-09
-1.879300e-10
1.359460e-01
4.844550e-10
1.259670e-11
3.501710e-02
0.000000e+00
0.000000e+00
7.434730e-03
0.000000e+00
0.000000e+00
1.549190e-03
0.000000e+00
4.643100e-11
-4.376050e-02
7.051740e-10
-4.686840e-10
2.051930e-01
-4.821180e-10
1.031500e-09
3.066890e+00
3.811650e-22
0.000000e+00
1.043470e+00
0.000000e+00
0.000000e+00
1.812010e-01
0.000000e+00
0.000000e+00
3.832100e-02
0.000000e+00
-1.919010e-08
1.690030e+01
-2.804640e-07
3.301950e-07
7.451110e+01
-1.071610e-06
5.669790e-06
1.490470e+04
-6.245000e-18
0.000000e+00
1.631390e+03
0.000000e+00
0.000000e+00
2.435930e+02
0.000000e+00
0.000000e+00
5.073920e+01
0.000000e+00
-1.840400e-08
1.878330e+01
-2.950150e-07
3.759810e-07
9.268580e+01
-1.299620e-06
-8.012520e-07
1.177120e+04
3.122500e-18
0.000000e+00
1.199980e+03
0.000000e+00
0.000000e+00
1.739930e+02
0.000000e+00
0.000000e+00
3.610300e+01
0.000000e+00
1.190700e-10
-7.484160e-02
1.395900e-09
-2.492850e-10
1.954540e-01
-5.657740e-10
-5.968280e-10
2.999600e+00
-3.811650e-21
0.000000e+00
6.020580e-01
0.000000e+00
0.000000e+00
1.041410e-01
0.000000e+00
0.000000e+00
2.206660e-02
0.000000e+00
-1.269480e-10
2.178280e-01
4.102800e-10
-4.428790e-10
2.373370e-01
1.071410e-11
-4.303730e-11
1.130470e-01
7.146840e-23
0.000000e+00
3.507290e-02
0.000000e+00
0.000000e+00
7.911370e-03
0.000000e+00
0.000000e+00
1.620340e-03
0.000000e+00
-2.368420e-10
2.156310e-01
3.515330e-10
-2.993170e-10
2.221160e-01
2.454080e-11
-1.892170e-10
1.303470e-01
-2.382280e-23
0.000000e+00
2.325620e-02
0.000000e+00
0.000000e+00
5.865620e-03
0.000000e+00
0.000000e+00
1.183990e-03
0.000000e+00
5.163000e-06
-2.105860e+04
-4.571900e-05
1.710710e-07
-1.499070e+03
6.947730e-08
-7.533930e-06
-2.218850e+03
3.049320e-21
0.000000e+00
-3.120510e+04
0.000000e+00
0.000000e+00
-1.375160e+05
0.000000e+00
0.000000e+00
-9.420550e+05
0.000000e+00
-3.783000e-10
1.980910e-01
3.171270e-10
-1.050510e-10
2.365980e-01
1.163590e-11
-5.394320e-11
1.161410e-01
-2.382280e-23
0.000000e+00
3.474440e-02
0.000000e+00
0.000000e+00
7.522010e-03
0.000000e+00
0.000000e+00
1.525050e-03
0.000000e+00
2.020060e-09
-1.341720e+01
2.527690e-07
3.811790e-08
-2.523510e+01
3.498600e-07
-2.949730e-09
3.332220e+00
-3.811650e-22
0.000000e+00
2.568880e-01
0.000000e+00
0.000000e+00
1.549730e-02
0.000000e+00
0.000000e+00
1.577530e-03
0.000000e+00
1.298940e-09
-8.633030e+00
1.006040e-07
1.240660e-08
3.717120e+01
-3.320460e-07
-4.763330e-08
-1.271610e+01
0.000000e+00
0.000000e+00
-2.229330e+00
0.000000e+00
0.000000e+00
-1.304880e-01
0.000000e+00
0.000000e+00
-1.315910e-02
0.000000e+00
2.621680e-09
-1.312080e+01
2.546050e-07
9.643330e-09
-2.072780e+01
2.391030e-07
-8.189490e-09
7.004420e+00
-2.286990e-21
0.000000e+00
3.354490e-01
0.000000e+00
0.000000e+00
2.032180e-02
0.000000e+00
0.000000e+00
2.074130e-03
0.000000e+00
2.372700e-09
-1.358710e+01
2.613620e-07
1.517970e-08
-2.365310e+01
2.786050e-07
-5.625870e-09
5.235680e+00
0.000000e+00
0.000000e+00
3.224200e-01
0.000000e+00
0.000000e+00
1.947860e-02
0.000000e+00
0.000000e+00
1.985560e-03
0.000000e+00
3.434270e-10
-1.629530e+00
3.022580e-08
3.931400e-09
-5.955170e-01
1.933450e-08
-3.067160e-10
1.165310e-01
0.000000e+00
0.000000e+00
8.859480e-03
0.000000e+00
0.000000e+00
5.984430e-04
0.000000e+00
0.000000e+00
6.056210e-05
0.000000e+00
6.767300e-10
-1.409190e+00
2.966680e-08
4.623400e-09
-1.201110e+00
2.662110e-08
-5.530380e-10
2.310010e-01
4.764560e-23
0.000000e+00
1.770080e-02
0.000000e+00
0.000000e+00
1.144660e-03
0.000000e+00
0.000000e+00
1.164990e-04
0.000000e+00
-4.702660e-09
7.820450e+00
-2.597950e-07
2.984330e-07
1.074830e+02
-6.905260e-08
4.358430e-06
3.747930e+03
2.245780e-19
0.000000e+00
3.818100e+04
0.000000e+00
0.000000e+00
3.630160e+05
0.000000e+00
0.000000e+00
7.689090e+05
0.000000e+00
1.057510e-09
-3.504540e+00
6.578090e-08
2.482000e-10
-3.598830e-02
2.685170e-09
-4.389840e-10
1.170850e-01
-2.382280e-23
0.000000e+00
9.153060e-03
0.000000e+00
0.000000e+00
6.258800e-04
0.000000e+00
0.000000e+00
6.375390e-05
0.000000e+00
1.460030e-08
-1.445000e+01
4.572740e-07
-5.049990e-08
2.421010e+01
1.219730e-20
0.000000e+00
3.226000e+00
0.000000e+00
0.000000e+00
2.647040e-01
0.000000e+00
0.000000e+00
1.633520e-02
0.000000e+00
0.000000e+00
1.560690e-03
0.000000e+00
7.262920e-09
-1.172540e+01
3.578520e-07
-8.028330e-07
1.423120e+02
-2.927350e-19
0.000000e+00
-3.090170e+01
0.000000e+00
0.000000e+00
-2.313220e+00
0.000000e+00
0.000000e+00
-1.387030e-01
0.000000e+00
0.000000e+00
-1.371710e-02
0.000000e+00
9.244450e-09
-1.350350e+01
4.124830e-07
-3.070580e-08
1.900800e+01
1.829590e-20
0.000000e+00
4.076920e+00
0.000000e+00
0.000000e+00
3.447510e-01
0.000000e+00
0.000000e+00
2.142650e-02
0.000000e+00
0.000000e+00
2.074680e-03
0.000000e+00
1.462560e-08
-1.438580e+01
4.638460e-07
-3.209350e-08
2.334250e+01
0.000000e+00
0.000000e+00
3.976040e+00
0.000000e+00
0.000000e+00
3.317360e-01
0.000000e+00
0.000000e+00
2.054260e-02
0.000000e+00
0.000000e+00
1.983160e-03
0.000000e+00
4.969890e-09
-1.295120e+00
6.973470e-08
-5.241420e-09
6.641450e-01
7.623300e-22
0.000000e+00
1.154030e-01
0.000000e+00
0.000000e+00
9.091510e-03
0.000000e+00
0.000000e+00
5.561110e-04
0.000000e+00
0.000000e+00
-1.084460e-05
0.000000e+00
3.170340e-09
-9.117720e-01
5.084930e-08
-7.094810e-09
1.204060e+00
-7.623300e-22
0.000000e+00
2.263160e-01
0.000000e+00
0.000000e+00
1.820980e-02
0.000000e+00
0.000000e+00
1.133510e-03
0.000000e+00
0.000000e+00
4.707600e-05
0.000000e+00
1.546400e-08
2.053950e+00
5.188520e-08
3.271610e-07
4.697670e+02
-2.901620e-20
0.000000e+00
2.967340e+03
0.000000e+00
0.000000e+00
2.979190e+04
0.000000e+00
0.000000e+00
3.649480e+05
0.000000e+00
0.000000e+00
7.733770e+05
0.000000e+00
4.763390e-09
-3.432990e+00
1.198020e-07
-1.571640e-10
2.538880e-01
0.000000e+00
0.000000e+00
1.095050e-01
0.000000e+00
0.000000e+00
9.340500e-03
0.000000e+00
0.000000e+00
5.838310e-04
0.000000e+00
0.000000e+00
-7.572590e-06
0.000000e+00
-2.372320e-08
3.538780e+01
-6.098640e-21
-2.310320e-08
1.877320e+01
4.878910e-20
0.000000e+00
3.289740e+00
0.000000e+00
0.000000e+00
2.860760e-01
0.000000e+00
0.000000e+00
1.833800e-02
0.000000e+00
0.000000e+00
1.618430e-03
0.000000e+00
-2.128250e-08
3.513770e+01
-6.098640e-21
1.156390e-06
-2.848420e+02
1.936190e-07
0.000000e+00
-3.250680e+01
0.000000e+00
0.000000e+00
-2.534710e+00
0.000000e+00
0.000000e+00
-1.573600e-01
0.000000e+00
0.000000e+00
-1.491650e-02
0.000000e+00
-1.892170e-08
3.637730e+01
1.219730e-20
-6.019450e-09
1.459200e+01
-1.219730e-20
0.000000e+00
4.076190e+00
0.000000e+00
0.000000e+00
3.707210e-01
0.000000e+00
0.000000e+00
2.403550e-02
0.000000e+00
0.000000e+00
2.172770e-03
0.000000e+00
-2.348560e-08
3.632740e+01
0.000000e+00
-1.691290e-08
1.766890e+01
1.170940e-18
0.000000e+00
4.010130e+00
0.000000e+00
0.000000e+00
3.575180e-01
0.000000e+00
0.000000e+00
2.305990e-02
0.000000e+00
0.000000e+00
2.074420e-03
0.000000e+00
-7.558200e-09
4.260730e+00
-7.623300e-22
0.000000e+00
6.345620e-01
0.000000e+00
0.000000e+00
1.174410e-01
0.000000e+00
0.000000e+00
9.795240e-03
0.000000e+00
0.000000e+00
5.540630e-04
0.000000e+00
0.000000e+00
-7.977270e-05
0.000000e+00
-5.511340e-09
3.280930e+00
0.000000e+00
0.000000e+00
1.121080e+00
0.000000e+00
0.000000e+00
2.292660e-01
0.000000e+00
0.000000e+00
1.963880e-02
0.000000e+00
0.000000e+00
1.202420e-03
0.000000e+00
0.000000e+00
-1.724820e-05
0.000000e+00
1.764750e-08
2.533470e+01
0.000000e+00
0.000000e+00
4.769300e+02
0.000000e+00
0.000000e+00
2.893310e+03
0.000000e+00
0.000000e+00
2.957290e+04
0.000000e+00
0.000000e+00
4.065730e+05
0.000000e+00
0.000000e+00
7.594990e+05
0.000000e+00
-1.052800e-08
1.045160e+01
1.524660e-21
0.000000e+00
2.647270e-01
0.000000e+00
0.000000e+00
1.083820e-01
0.000000e+00
0.000000e+00
9.954400e-03
0.000000e+00
0.000000e+00
5.823530e-04
