-3.306100e-09
7.299910e-15
-3.986850e-05
-2.957260e-09
-1.370370e-13
-3.550010e-05
2.987300e-05
-4.211610e-13
4.533740e-03
-1.541230e-07
1.432320e-10
-2.389820e-05
3.404240e-08
8.574190e-11
5.031300e-06
0.000000e+00
-2.350050e-10
0.000000e+00
-3.584570e-09
2.571730e-14
-4.322670e-05
-6.426400e-08
-7.595460e-14
-7.747780e-04
1.639010e-03
1.004660e-05
2.555110e-01
3.254020e-04
2.856380e-06
4.922770e-02
-5.856340e-05
-1.750470e-06
-8.655400e-03
0.000000e+00
-1.030970e-07
0.000000e+00
-3.333750e-09
-1.852450e-16
-4.020200e-05
-3.436390e-08
-9.203060e-12
-4.142400e-04
3.011830e-03
4.316980e-06
4.695570e-01
3.998700e-04
5.657850e-07
6.049350e-02
-4.381470e-05
-1.685570e-07
-6.475600e-03
0.000000e+00
-3.612530e-07
0.000000e+00
-3.329810e-09
-1.414390e-14
-4.015450e-05
-3.397990e-09
1.174370e-14
-4.079240e-05
3.380450e-05
-3.159000e-13
5.130470e-03
-6.124930e-09
3.911860e-10
-1.833420e-06
2.694290e-08
1.731340e-10
3.982040e-06
0.000000e+00
-2.475230e-10
0.000000e+00
1.877040e-07
-5.862150e-14
2.745940e-05
1.483890e-07
-1.844920e-12
2.138860e-05
1.776370e-07
-5.779520e-13
2.524330e-05
7.775070e-08
3.064900e-13
1.088690e-05
-1.789010e-12
-1.540220e-12
-2.500900e-10
0.000000e+00
-2.270050e-10
0.000000e+00
2.098100e-07
-3.249750e-14
3.069360e-05
1.031200e-07
-1.483210e-12
1.486320e-05
2.020520e-07
-9.892020e-12
2.871410e-05
1.134020e-07
-4.756310e-13
1.588220e-05
-2.252750e-11
1.332960e-11
-3.149180e-09
0.000000e+00
-2.272340e-10
0.000000e+00
1.254090e-07
-1.217490e-13
4.905430e-01
-1.105980e-03
-9.503730e-07
-1.614780e-01
1.121980e-04
1.897880e-08
1.614880e-02
1.183350e-04
8.312230e-07
1.678730e-02
4.864090e-04
5.288670e-06
6.799630e-02
0.000000e+00
4.186380e-05
0.000000e+00
1.741540e-07
-1.716740e-13
2.547740e-05
1.851840e-07
-7.560350e-12
2.669760e-05
1.540230e-07
-9.859230e-12
2.188520e-05
7.243340e-08
-2.078450e-13
1.014350e-05
-8.221000e-11
5.237760e-12
-1.149230e-08
0.000000e+00
-2.260470e-10
0.000000e+00
4.978380e-10
-1.940970e-14
6.129800e-06
3.032240e-09
-1.901670e-12
3.640570e-05
-2.921140e-05
6.996950e-11
-4.433910e-03
-1.474520e-07
6.403600e-10
-2.186490e-05
0.000000e+00
1.580410e-10
0.000000e+00
0.000000e+00
-3.441540e-09
0.000000e+00
-1.352150e-07
-2.930030e-13
-1.630450e-03
-4.836470e-08
-1.904820e-10
-5.810590e-04
-8.243480e-05
-5.125110e-07
-1.251210e-02
2.830270e-04
6.680400e-06
4.196870e-02
0.000000e+00
-6.342320e-08
0.000000e+00
0.000000e+00
-2.062240e-05
0.000000e+00
-1.454310e-08
0.000000e+00
-1.752440e-04
-1.381140e-08
8.167070e-11
-1.660790e-04
-1.715390e-04
-2.330470e-07
-2.603610e-02
2.055680e-04
1.034290e-06
3.048270e-02
0.000000e+00
-2.006990e-07
0.000000e+00
0.000000e+00
-1.855430e-05
0.000000e+00
8.420740e-10
-1.788570e-13
1.026580e-05
3.471040e-09
-6.978350e-12
4.167380e-05
-3.315590e-05
1.331170e-10
-5.032760e-03
-2.239460e-07
3.591510e-10
-3.320790e-05
0.000000e+00
-1.741770e-10
0.000000e+00
0.000000e+00
-4.431220e-09
0.000000e+00
-8.567210e-08
-2.841850e-12
-1.272370e-05
-5.623640e-08
-1.423800e-12
-8.295010e-06
-1.222070e-07
2.013980e-12
-1.747580e-05
-7.812440e-08
4.405540e-12
-1.094390e-05
0.000000e+00
-1.747840e-10
0.000000e+00
0.000000e+00
1.624340e-10
0.000000e+00
-1.257910e-07
-1.096650e-12
-1.855940e-05
1.365090e-08
-2.465550e-11
1.744880e-06
-1.607570e-07
2.459780e-11
-2.293190e-05
-1.132130e-07
2.260550e-12
-1.585920e-05
0.000000e+00
-1.826920e-10
0.000000e+00
0.000000e+00
1.189520e-10
0.000000e+00
1.912760e-04
2.448580e-07
2.197190e-01
-5.761900e-04
-2.689720e-06
-8.310080e-02
8.701070e-04
5.631870e-06
1.236890e-01
8.645380e-04
1.348340e-05
1.211070e-01
0.000000e+00
-3.819290e-04
0.000000e+00
0.000000e+00
8.912670e-03
0.000000e+00
-1.026740e-07
-6.502280e-12
-1.515490e-05
1.600420e-09
-1.855700e-11
-1.227540e-07
-9.662880e-08
-1.049780e-12
-1.384540e-05
-7.225680e-08
1.317340e-11
-1.012200e-05
0.000000e+00
-1.705250e-10
0.000000e+00
0.000000e+00
1.602010e-10
0.000000e+00
2.641590e-09
-4.461990e-13
3.173490e-05
9.791910e-08
-1.122340e-12
1.461520e-05
-8.648570e-08
3.785700e-10
-1.288550e-05
-1.031630e-24
1.966250e-09
-9.898430e-23
0.000000e+00
3.223000e-08
0.000000e+00
0.000000e+00
-1.829260e-09
0.000000e+00
-1.145690e-07
-4.284600e-10
-1.376390e-03
1.718420e-07
1.346550e-08
2.564890e-05
-8.533970e-05
-2.332500e-06
-1.269640e-02
8.470330e-22
6.856980e-07
0.000000e+00
0.000000e+00
-1.230390e-05
0.000000e+00
0.000000e+00
-1.316150e-05
0.000000e+00
-1.361340e-08
-4.018150e-13
-1.635450e-04
1.479170e-07
-3.636000e-10
2.207760e-05
-1.087360e-04
-7.219660e-07
-1.617730e-02
-8.470330e-22
2.436160e-07
-1.084200e-19
0.000000e+00
-2.477520e-05
0.000000e+00
0.000000e+00
-1.197760e-05
0.000000e+00
2.313700e-09
-1.018930e-12
2.779580e-05
2.029910e-07
5.505560e-13
3.029850e-05
-1.305640e-07
2.062040e-10
-1.944980e-05
-4.316990e-25
6.895650e-10
-1.009530e-22
0.000000e+00
1.709430e-08
0.000000e+00
0.000000e+00
-2.627470e-09
0.000000e+00
3.893600e-08
-3.395490e-13
5.368560e-06
-4.444250e-08
1.414960e-11
-6.425250e-06
-5.340790e-08
1.325770e-10
-7.498330e-06
2.633830e-26
-1.163850e-10
3.554070e-24
0.000000e+00
1.427850e-09
0.000000e+00
0.000000e+00
1.156360e-10
0.000000e+00
4.322080e-08
-4.405250e-13
6.011900e-06
-7.754580e-08
3.540440e-11
-1.112010e-05
-3.864610e-08
6.976670e-11
-5.427990e-06
2.310710e-26
-6.788480e-11
2.933680e-24
0.000000e+00
8.700460e-10
0.000000e+00
0.000000e+00
8.235970e-11
0.000000e+00
1.215320e-04
5.726760e-07
1.756300e-02
-1.525690e-04
-2.421700e-06
-2.173270e-02
3.164110e-04
6.061350e-06
4.441580e-02
-4.559160e-20
7.596520e-05
-2.965990e-18
0.000000e+00
-7.623980e-02
0.000000e+00
0.000000e+00
7.344850e-02
0.000000e+00
1.529540e-07
-2.105570e-12
2.169800e-05
-1.421370e-07
6.030170e-11
-2.033530e-05
-5.682020e-08
1.591670e-11
-7.977440e-06
-3.231170e-27
-1.195800e-10
-4.135900e-25
0.000000e+00
1.433160e-09
0.000000e+00
0.000000e+00
1.140390e-10
0.000000e+00
1.420120e-09
5.225280e-14
2.119740e-07
-7.005150e-08
1.178530e-09
-1.045660e-05
-6.151250e-09
3.546820e-10
-8.966990e-07
0.000000e+00
-1.966840e-09
0.000000e+00
0.000000e+00
-4.028510e-09
0.000000e+00
0.000000e+00
1.544960e-10
0.000000e+00
2.493980e-09
-2.582360e-09
3.722640e-07
2.011130e-04
5.162860e-06
3.001910e-02
-3.053180e-09
-1.710470e-09
-4.450780e-07
0.000000e+00
-1.281350e-05
0.000000e+00
0.000000e+00
-7.756780e-06
0.000000e+00
0.000000e+00
1.544960e-10
0.000000e+00
2.136120e-09
-1.781920e-09
3.188480e-07
1.558200e-04
1.862100e-06
2.325850e-02
-8.502380e-09
-5.919770e-09
-1.239440e-06
0.000000e+00
-1.166670e-05
0.000000e+00
0.000000e+00
-6.061250e-06
0.000000e+00
0.000000e+00
1.544960e-10
0.000000e+00
2.955820e-09
-4.564710e-13
4.412000e-07
-1.613220e-07
3.362830e-10
-2.408010e-05
-8.455310e-09
4.835090e-11
-1.232570e-06
0.000000e+00
-2.604520e-09
0.000000e+00
0.000000e+00
-2.624180e-09
0.000000e+00
0.000000e+00
1.544960e-10
0.000000e+00
-1.410460e-07
6.321140e-12
-2.013380e-05
-5.193410e-08
6.172580e-11
-7.305300e-06
-7.161910e-10
6.885360e-12
-9.925970e-08
0.000000e+00
2.109390e-10
0.000000e+00
0.000000e+00
3.937300e-12
0.000000e+00
0.000000e+00
1.544400e-10
0.000000e+00
-1.272210e-07
1.737810e-11
-1.816010e-05
-4.083370e-08
3.231900e-11
-5.743910e-06
-1.756920e-09
1.082180e-11
-2.434980e-07
0.000000e+00
1.807600e-10
0.000000e+00
0.000000e+00
3.859740e-11
0.000000e+00
0.000000e+00
1.544400e-10
0.000000e+00
4.400550e-05
5.582540e-07
6.281130e-03
2.376620e-05
8.335840e-07
3.343060e-03
7.233540e-06
2.510170e-05
1.002520e-03
0.000000e+00
5.589800e-03
0.000000e+00
0.000000e+00
-5.234150e-02
0.000000e+00
0.000000e+00
6.743750e-02
0.000000e+00
-2.210680e-07
3.383370e-11
-3.155560e-05
-4.843810e-08
6.299630e-12
-6.813540e-06
-7.786490e-10
5.706100e-12
-1.079160e-07
0.000000e+00
2.114240e-10
0.000000e+00
0.000000e+00
1.154320e-11
0.000000e+00
0.000000e+00
1.544400e-10
0.000000e+00
6.403700e-08
-2.327520e-14
9.045210e-06
1.960030e-06
-2.773740e-10
2.704560e-04
-3.161340e-08
6.407020e-09
-4.366880e-06
0.000000e+00
5.490910e-09
0.000000e+00
0.000000e+00
2.049790e-09
0.000000e+00
0.000000e+00
-3.388540e-09
0.000000e+00
8.621260e-08
-8.039520e-14
1.217730e-05
1.158500e-06
-1.213880e-09
1.595160e-04
2.742650e-07
8.357900e-09
3.788540e-05
0.000000e+00
-2.833330e-08
0.000000e+00
0.000000e+00
-3.804670e-08
0.000000e+00
0.000000e+00
2.806810e-08
0.000000e+00
8.439020e-08
-2.636700e-13
1.191920e-05
7.029320e-07
-2.918200e-09
9.669130e-05
-1.305900e-07
5.963120e-10
-1.803890e-05
0.000000e+00
1.759090e-09
0.000000e+00
0.000000e+00
6.214680e-09
0.000000e+00
0.000000e+00
-4.146310e-09
0.000000e+00
6.717000e-08
-1.029860e-13
9.486210e-06
1.259250e-06
-1.171860e-09
1.735660e-04
-7.479080e-08
1.657920e-09
-1.033120e-05
0.000000e+00
2.825430e-09
0.000000e+00
0.000000e+00
4.663510e-09
0.000000e+00
0.000000e+00
-4.083100e-09
0.000000e+00
3.282630e-08
-7.020650e-14
4.636910e-06
1.917390e-08
-7.481850e-11
2.631120e-06
-2.044730e-09
6.054690e-10
-2.824470e-07
0.000000e+00
2.041630e-09
0.000000e+00
0.000000e+00
-4.017820e-10
0.000000e+00
0.000000e+00
-1.977340e-10
0.000000e+00
3.535640e-08
-3.472530e-13
4.993650e-06
3.116670e-08
-2.497900e-10
4.286300e-06
-3.912450e-09
4.767450e-10
-5.404430e-07
0.000000e+00
3.424690e-09
0.000000e+00
0.000000e+00
-5.565190e-10
0.000000e+00
0.000000e+00
-3.305610e-10
0.000000e+00
3.981990e-08
-4.708590e-13
5.622840e-06
-2.377650e-07
-1.132220e-08
-3.340060e-05
-3.864690e-08
-1.733130e-07
-5.338460e-06
0.000000e+00
-2.728470e-04
0.000000e+00
0.000000e+00
-4.681090e-03
0.000000e+00
0.000000e+00
-2.297900e-02
0.000000e+00
5.689760e-08
-5.102010e-13
8.036810e-06
-2.977470e-08
-1.650070e-09
-4.190730e-06
-2.682000e-09
2.007480e-11
-3.704760e-07
0.000000e+00
2.003290e-09
0.000000e+00
0.000000e+00
-2.625610e-10
0.000000e+00
0.000000e+00
-1.904240e-10
0.000000e+00
1.281150e-06
-1.120390e-09
1.760510e-04
-1.991450e-06
1.520220e-09
-2.750870e-04
0.000000e+00
1.489100e-09
0.000000e+00
0.000000e+00
3.163870e-08
0.000000e+00
0.000000e+00
-6.046580e-11
0.000000e+00
0.000000e+00
-5.816700e-10
0.000000e+00
1.579400e-06
6.655650e-09
2.196080e-04
-1.121200e-05
-2.858740e-09
-1.548760e-03
0.000000e+00
-4.324820e-08
0.000000e+00
0.000000e+00
-3.743820e-07
0.000000e+00
0.000000e+00
-3.898160e-09
0.000000e+00
0.000000e+00
5.044040e-09
0.000000e+00
1.141580e-06
-1.188570e-08
1.565550e-04
-6.829560e-07
1.636770e-09
-9.433940e-05
0.000000e+00
4.860260e-09
0.000000e+00
0.000000e+00
4.258810e-08
0.000000e+00
0.000000e+00
5.941410e-10
0.000000e+00
0.000000e+00
-7.120100e-10
0.000000e+00
1.360390e-06
-6.008130e-09
1.868200e-04
-1.263510e-06
1.616020e-09
-1.745340e-04
0.000000e+00
2.645600e-09
0.000000e+00
0.000000e+00
4.022290e-08
0.000000e+00
0.000000e+00
3.181840e-10
0.000000e+00
0.000000e+00
-7.031640e-10
0.000000e+00
2.272910e-08
-6.048740e-11
3.036400e-06
-2.486840e-08
2.023880e-10
-3.435180e-06
0.000000e+00
1.796280e-09
0.000000e+00
0.000000e+00
1.100590e-09
0.000000e+00
0.000000e+00
-6.343700e-11
0.000000e+00
0.000000e+00
-7.640990e-12
0.000000e+00
1.748160e-09
-8.037880e-10
1.207350e-07
-3.564980e-08
1.599440e-10
-4.924450e-06
0.000000e+00
2.826260e-09
0.000000e+00
0.000000e+00
2.178150e-09
0.000000e+00
0.000000e+00
-1.100000e-10
0.000000e+00
0.000000e+00
-3.196300e-11
0.000000e+00
-3.885350e-06
-6.556060e-07
-5.492940e-04
-1.208740e-08
-1.382820e-06
-1.669680e-06
0.000000e+00
-1.389350e-03
0.000000e+00
0.000000e+00
1.351110e-02
0.000000e+00
0.000000e+00
4.064280e-02
0.000000e+00
0.000000e+00
-3.314870e-02
0.000000e+00
7.105540e-08
3.075170e-10
9.657180e-06
-1.365780e-09
5.902470e-11
-1.886610e-07
0.000000e+00
1.863700e-09
0.000000e+00
0.000000e+00
1.128440e-09
0.000000e+00
0.000000e+00
-3.764490e-11
0.000000e+00
0.000000e+00
-6.084630e-12
0.000000e+00
-1.546120e-06
3.288010e-10
-2.135720e-04
1.401050e-10
3.374970e-11
1.935320e-08
0.000000e+00
4.457820e-10
0.000000e+00
0.000000e+00
-6.191840e-10
0.000000e+00
0.000000e+00
-1.153940e-10
0.000000e+00
0.000000e+00
3.096110e-11
0.000000e+00
-1.173680e-06
4.577270e-10
-1.621260e-04
9.995770e-06
-1.825520e-09
1.380760e-03
0.000000e+00
-7.511620e-09
0.000000e+00
0.000000e+00
5.504030e-09
0.000000e+00
0.000000e+00
1.264440e-09
0.000000e+00
0.000000e+00
3.096110e-11
0.000000e+00
-1.489840e-06
3.701070e-11
-2.057980e-04
2.962150e-10
8.501610e-10
4.091740e-08
0.000000e+00
1.278460e-09
0.000000e+00
0.000000e+00
-7.674760e-10
0.000000e+00
0.000000e+00
-1.548580e-10
0.000000e+00
0.000000e+00
3.096110e-11
0.000000e+00
-1.688830e-06
1.857740e-10
-2.332850e-04
2.467450e-10
1.920390e-10
3.408380e-08
0.000000e+00
9.668860e-10
0.000000e+00
0.000000e+00
-7.549490e-10
0.000000e+00
0.000000e+00
-1.494090e-10
0.000000e+00
0.000000e+00
3.096110e-11
0.000000e+00
-5.488010e-08
1.562640e-11
-7.580810e-06
0.000000e+00
3.102570e-10
0.000000e+00
0.000000e+00
-3.829000e-11
0.000000e+00
0.000000e+00
1.836010e-12
0.000000e+00
0.000000e+00
2.415010e-11
0.000000e+00
0.000000e+00
3.096110e-11
0.000000e+00
-3.929150e-08
2.439540e-11
-5.427490e-06
0.000000e+00
5.466760e-10
0.000000e+00
0.000000e+00
-6.872440e-11
0.000000e+00
0.000000e+00
-2.382000e-11
0.000000e+00
0.000000e+00
1.872910e-11
0.000000e+00
0.000000e+00
3.096110e-11
0.000000e+00
-6.726320e-08
-3.008060e-08
-9.291340e-06
0.000000e+00
-7.329660e-05
0.000000e+00
0.000000e+00
-9.169150e-04
0.000000e+00
0.000000e+00
2.534230e-03
0.000000e+00
0.000000e+00
-2.314480e-02
0.000000e+00
0.000000e+00
3.096080e-11
0.000000e+00
-1.205330e-07
7.184990e-13
-1.664970e-05
0.000000e+00
6.388200e-10
0.000000e+00
0.000000e+00
-1.095470e-11
0.000000e+00
0.000000e+00
3.219440e-12
0.000000e+00
0.000000e+00
2.417770e-11
0.000000e+00
0.000000e+00
3.096110e-11
0.000000e+00
4.649990e-310
3.992544e-320
3.751390e-12
-7.263740e-03
7.270140e-28
4.465120e-11
-3.065860e-04
-1.168820e-16
-6.021060e-09
1.730160e+01
-2.863330e-07
-4.400210e-11
2.429300e-01
-2.186430e-08
-1.305020e-09
9.293340e-01
0.000000e+00
0.000000e+00
2.407080e-01
0.000000e+00
-6.351060e-10
8.508480e+00
7.444630e-25
-1.679970e-09
2.266180e+01
3.607210e-13
-1.267820e-06
7.043890e+03
2.697770e-04
-2.177130e-06
9.585950e+03
6.638670e-05
-2.005120e-07
9.727180e+02
1.951560e-19
0.000000e+00
4.109820e+02
0.000000e+00
-5.115490e-10
4.675610e+00
3.722310e-25
4.185210e-08
2.446040e+00
3.748860e-14
-1.594600e-06
1.065960e+04
4.943520e-04
-1.524040e-06
1.093280e+04
8.533300e-05
9.768830e-08
7.605700e+02
-9.757820e-20
0.000000e+00
3.153900e+02
0.000000e+00
7.730180e-13
-6.112780e-03
0.000000e+00
-1.380770e-14
7.497130e-04
-7.972610e-17
-1.275490e-08
1.734940e+01
-3.207640e-07
-8.153060e-11
5.197360e-01
-2.525490e-08
-1.638950e-09
7.360070e-01
-1.905820e-22
0.000000e+00
1.541110e-01
0.000000e+00
-2.031040e-11
1.019400e-01
-7.424890e-10
-1.380840e-11
8.280120e-02
-2.415020e-09
-3.012350e-11
9.921580e-02
-2.023540e-09
-2.059400e-11
6.319940e-02
-9.226260e-10
-1.825800e-11
1.321870e-02
-4.466780e-24
0.000000e+00
9.041170e-03
0.000000e+00
-1.687110e-11
1.095660e-01
-7.566710e-10
-6.888890e-11
1.031150e-01
-2.254840e-09
-6.380940e-11
1.059070e-01
-2.098780e-09
-1.257820e-10
6.878390e-02
-1.106480e-09
-2.237900e-11
1.155260e-02
-1.488930e-23
0.000000e+00
6.833400e-03
0.000000e+00
-1.549980e-06
1.057030e+04
7.944250e-02
1.162310e-06
-1.097500e+04
-1.041140e-04
1.780950e-06
-1.123310e+04
1.506000e-04
1.189760e-05
-8.331360e+04
8.897400e-04
-8.229290e-04
-2.428080e+05
2.107690e-17
0.000000e+00
5.472580e+05
0.000000e+00
-4.057920e-11
1.322940e-01
-9.237580e-10
-7.963410e-11
9.933460e-02
-2.361040e-09
-2.091710e-11
9.335460e-02
-2.068980e-09
-8.612650e-11
6.734490e-02
-9.724780e-10
-8.343880e-12
1.069060e-02
4.466780e-24
0.000000e+00
8.562380e-03
0.000000e+00
7.199190e-13
-2.926220e-03
-1.051930e-16
1.938710e-10
4.018030e-03
4.027150e-17
3.862330e-09
-1.808100e+00
-5.293850e-08
3.924260e-10
3.393630e-02
-1.682490e-22
0.000000e+00
4.068730e-01
0.000000e+00
0.000000e+00
2.413640e-01
0.000000e+00
-6.334750e-10
8.449970e+00
1.578240e-13
3.045620e-06
2.305830e+01
9.690260e-13
-1.757410e-06
6.673950e+03
1.111670e-04
-1.585320e-05
9.558020e+03
-7.181760e-17
0.000000e+00
9.716750e+02
0.000000e+00
0.000000e+00
4.120360e+02
0.000000e+00
-3.289140e-10
4.740120e+00
1.036030e-13
1.840280e-07
2.483740e+00
4.505680e-14
-1.780510e-06
1.021770e+04
1.873010e-04
-1.528340e-05
1.084410e+04
2.185750e-17
0.000000e+00
7.971370e+02
0.000000e+00
0.000000e+00
3.162030e+02
0.000000e+00
1.748240e-12
-1.763840e-03
-7.384500e-17
2.669130e-10
5.120740e-03
6.443560e-17
1.013730e-08
-1.744430e+00
-6.535510e-08
-2.512220e-10
3.070010e-01
-8.290330e-21
0.000000e+00
3.037490e-01
0.000000e+00
0.000000e+00
1.545300e-01
0.000000e+00
3.059540e-12
2.683040e-02
-2.233900e-09
-1.456440e-11
1.019780e-02
-3.578080e-09
-1.757330e-12
6.809830e-03
-1.723310e-09
9.410610e-11
-2.872000e-02
-7.385070e-22
0.000000e+00
1.067500e-02
0.000000e+00
0.000000e+00
9.121460e-03
0.000000e+00
6.367060e-13
3.468560e-02
-1.996880e-09
-7.496900e-11
3.145650e-02
-3.788580e-09
4.084290e-11
1.362650e-02
-1.707690e-09
1.465540e-10
-2.361350e-02
-3.573420e-22
0.000000e+00
8.395850e-03
0.000000e+00
0.000000e+00
6.907760e-03
0.000000e+00
-1.961870e-06
1.036710e+04
3.218810e-02
1.804610e-06
-1.075130e+04
-1.170360e-04
1.407470e-06
-1.080830e+04
1.523400e-04
-5.583610e-04
-8.554160e+04
-5.620500e-17
0.000000e+00
-4.760320e+05
0.000000e+00
0.000000e+00
5.487620e+05
0.000000e+00
1.007760e-11
5.790790e-02
-2.355010e-09
5.554180e-11
2.605360e-02
-3.685640e-09
-3.003220e-11
1.733130e-03
-1.794770e-09
1.485990e-10
-2.403710e-02
-3.454310e-22
0.000000e+00
1.001270e-02
0.000000e+00
0.000000e+00
8.641290e-03
0.000000e+00
1.161190e-10
1.363950e-03
3.182330e-17
-5.914750e-10
6.519080e-01
-7.930890e-09
3.137600e-09
-1.871600e+00
-1.004110e-08
5.044490e-11
9.062540e-02
4.715730e-23
0.000000e+00
4.065320e-01
0.000000e+00
0.000000e+00
2.421050e-01
0.000000e+00
1.211730e-06
8.514030e+00
3.932960e-13
-4.696730e-06
5.189940e+03
-7.073600e-05
-7.368870e-06
6.358020e+03
1.348260e-05
1.268010e-06
2.937780e+03
0.000000e+00
0.000000e+00
9.806920e+02
0.000000e+00
0.000000e+00
4.146180e+02
0.000000e+00
9.265930e-07
4.904140e+00
3.147710e-13
-1.195480e-06
5.222360e+03
-5.957200e-05
-9.227850e-06
9.793160e+03
3.319470e-05
1.079830e-06
2.828380e+03
0.000000e+00
0.000000e+00
8.059770e+02
0.000000e+00
0.000000e+00
3.184460e+02
0.000000e+00
3.348190e-10
2.560380e-03
1.088530e-16
-6.929710e-10
8.011350e-01
-9.244860e-09
1.790020e-09
-1.849660e+00
-1.297170e-08
5.833130e-11
1.116720e-01
-4.241450e-23
0.000000e+00
3.017210e-01
0.000000e+00
0.000000e+00
1.551980e-01
0.000000e+00
-5.152820e-11
-4.418100e-02
-2.714090e-09
-2.270900e-10
-1.159890e-01
-2.533410e-09
1.073700e-10
-7.970930e-02
-3.292210e-10
-4.067870e-12
-9.898610e-03
-3.003500e-25
0.000000e+00
1.074110e-02
0.000000e+00
0.000000e+00
9.181770e-03
0.000000e+00
-1.347300e-10
-3.564190e-02
-3.023830e-09
2.819910e-12
-9.718660e-02
-1.847960e-09
-2.827450e-11
-7.094180e-02
-6.928680e-10
-2.127920e-12
-4.152410e-03
-2.408600e-25
0.000000e+00
8.431210e-03
0.000000e+00
0.000000e+00
6.968010e-03
0.000000e+00
-2.261110e-06
1.002810e+04
1.377290e-04
3.145850e-06
-1.028310e+04
-1.034480e-04
-5.683090e-05
-1.080650e+04
5.216730e-05
-5.524160e-05
-1.718850e+05
-6.770410e-18
0.000000e+00
-4.925340e+05
0.000000e+00
0.000000e+00
5.615680e+05
0.000000e+00
-2.578200e-10
-1.098250e-02
-4.098280e-09
2.055300e-12
-1.047320e-01
-1.713920e-09
1.194590e-10
-8.507560e-02
-3.575560e-10
-3.449190e-12
-9.588230e-03
0.000000e+00
0.000000e+00
1.010120e-02
0.000000e+00
0.000000e+00
8.701170e-03
0.000000e+00
-1.315030e-10
1.214180e-01
-1.968140e-09
2.343330e-10
4.551900e-01
3.386680e-10
-1.650780e-10
-1.589860e+00
-2.286990e-21
0.000000e+00
8.901710e-02
0.000000e+00
0.000000e+00
3.994390e-01
0.000000e+00
0.000000e+00
2.428910e-01
0.000000e+00
-1.381030e-06
1.217750e+03
-2.020120e-05
-1.050680e-06
5.330240e+03
7.080260e-08
2.398830e-06
4.351660e+03
6.245000e-18
0.000000e+00
2.908210e+03
0.000000e+00
0.000000e+00
9.874140e+02
0.000000e+00
0.000000e+00
4.186660e+02
0.000000e+00
-1.061280e-06
1.083300e+03
-1.701400e-05
-1.227860e-06
5.315620e+03
-1.224780e-07
5.213510e-07
6.417410e+03
3.122500e-18
0.000000e+00
2.804310e+03
0.000000e+00
0.000000e+00
8.152050e+02
0.000000e+00
0.000000e+00
3.220800e+02
0.000000e+00
-3.722100e-10
2.334480e-01
-4.357730e-09
3.576960e-11
5.867050e-01
4.320990e-10
6.330890e-10
-1.558480e+00
6.479800e-21
0.000000e+00
1.089660e-01
0.000000e+00
0.000000e+00
2.967640e-01
0.000000e+00
0.000000e+00
1.560980e-01
0.000000e+00
1.073190e-10
-2.111220e-01
-3.742780e-10
3.465530e-10
-2.016030e-01
-9.466230e-12
4.803050e-11
-7.002490e-02
-1.191140e-22
0.000000e+00
-9.770730e-03
0.000000e+00
0.000000e+00
1.050930e-02
0.000000e+00
0.000000e+00
9.224150e-03
0.000000e+00
1.904890e-10
-2.014480e-01
-3.150150e-10
2.353230e-10
-1.830650e-01
-2.169870e-11
1.617510e-10
-8.003180e-02
0.000000e+00
0.000000e+00
-4.121560e-03
0.000000e+00
0.000000e+00
8.292750e-03
0.000000e+00
0.000000e+00
7.016980e-03
0.000000e+00
-2.582780e-06
9.717770e+03
4.559530e-05
1.938580e-06
-9.792160e+03
6.294150e-07
-4.419270e-05
-1.631360e+04
-2.341880e-18
0.000000e+00
-1.719770e+05
0.000000e+00
0.000000e+00
-4.977740e+05
0.000000e+00
0.000000e+00
5.680250e+05
0.000000e+00
2.953480e-10
-1.788800e-01
-2.773740e-10
8.473880e-11
-1.925240e-01
-9.903010e-12
5.423400e-11
-7.453080e-02
2.382280e-23
0.000000e+00
-9.481010e-03
0.000000e+00
0.000000e+00
9.884000e-03
0.000000e+00
0.000000e+00
8.743650e-03
0.000000e+00
-1.043060e-09
6.802600e+00
-1.322230e-07
-2.816960e-08
1.700330e+01
-2.916980e-07
-1.022090e-09
-1.023550e+00
1.429370e-21
0.000000e+00
3.757450e-01
0.000000e+00
0.000000e+00
1.752990e-01
0.000000e+00
0.000000e+00
3.597940e-02
0.000000e+00
-2.171990e-09
1.434400e+01
-2.028530e-07
-8.855710e-09
-3.173990e+01
2.344890e-07
1.326810e-08
1.975590e+01
0.000000e+00
0.000000e+00
-2.464640e+00
0.000000e+00
0.000000e+00
-1.481540e+00
0.000000e+00
0.000000e+00
-3.057740e-01
0.000000e+00
-1.346630e-09
5.409040e+00
-1.125260e-07
-6.579030e-09
1.204270e+01
-2.081480e-07
4.879280e-09
-4.330310e+00
6.098640e-21
0.000000e+00
3.403210e-01
0.000000e+00
0.000000e+00
2.181870e-01
0.000000e+00
0.000000e+00
4.591900e-02
0.000000e+00
-1.166890e-09
6.009590e+00
-1.224100e-07
-1.075750e-08
1.489570e+01
-2.409890e-07
1.211640e-09
-2.251840e+00
-3.811650e-22
0.000000e+00
3.824410e-01
0.000000e+00
0.000000e+00
2.135790e-01
0.000000e+00
0.000000e+00
4.450170e-02
0.000000e+00
-2.586950e-10
1.210250e+00
-2.244370e-08
-2.761120e-09
3.282030e-01
-1.493480e-08
2.726590e-10
-5.616170e-02
4.764560e-23
0.000000e+00
3.145940e-02
0.000000e+00
0.000000e+00
7.394150e-03
0.000000e+00
0.000000e+00
1.373380e-03
0.000000e+00
-5.203400e-10
9.568920e-01
-2.065420e-08
-3.356340e-09
7.875540e-01
-2.057580e-08
4.883630e-10
-1.226110e-01
-1.191140e-22
0.000000e+00
5.443580e-02
0.000000e+00
0.000000e+00
1.420290e-02
0.000000e+00
0.000000e+00
2.710430e-03
0.000000e+00
-7.400890e-08
1.511970e+02
-4.355460e-06
4.117530e-06
1.469350e+03
-8.494670e-07
5.022280e-05
4.318360e+04
2.000660e-18
0.000000e+00
2.416580e+05
0.000000e+00
0.000000e+00
6.373060e+04
0.000000e+00
0.000000e+00
-4.277860e+05
0.000000e+00
-7.885950e-10
2.655880e+00
-4.900710e-08
5.641450e-10
-8.668160e-01
-2.099990e-09
3.513430e-10
-8.393250e-02
-9.529120e-23
0.000000e+00
2.599450e-02
0.000000e+00
0.000000e+00
7.149040e-03
0.000000e+00
0.000000e+00
1.374230e-03
0.000000e+00
-9.467260e-09
6.799440e+00
-3.915720e-07
3.942660e-08
-2.018140e+01
-1.829590e-20
0.000000e+00
-1.562760e+00
0.000000e+00
0.000000e+00
3.805110e-01
0.000000e+00
0.000000e+00
1.729020e-01
0.000000e+00
0.000000e+00
3.625720e-02
0.000000e+00
-8.715080e-09
1.855140e+01
-2.182970e-07
6.215680e-07
-1.121590e+02
4.878910e-19
0.000000e+00
2.690170e+01
0.000000e+00
0.000000e+00
-2.500290e+00
0.000000e+00
0.000000e+00
-1.457650e+00
0.000000e+00
0.000000e+00
-3.075380e-01
0.000000e+00
-5.763500e-09
4.959730e+00
-3.609440e-07
2.541520e-08
-1.599700e+01
-3.659180e-20
0.000000e+00
-2.657190e+00
0.000000e+00
0.000000e+00
3.473580e-01
0.000000e+00
0.000000e+00
2.145840e-01
0.000000e+00
0.000000e+00
4.622630e-02
0.000000e+00
-9.336980e-09
5.663460e+00
-4.053030e-07
2.613080e-08
-1.966850e+01
-3.049320e-20
0.000000e+00
-2.247660e+00
0.000000e+00
0.000000e+00
3.894440e-01
0.000000e+00
0.000000e+00
2.102940e-01
0.000000e+00
0.000000e+00
4.481350e-02
0.000000e+00
-3.780310e-09
9.389370e-01
-5.382210e-08
3.999100e-09
-5.675610e-01
-1.524660e-21
0.000000e+00
-5.494620e-02
0.000000e+00
0.000000e+00
3.097710e-02
0.000000e+00
0.000000e+00
7.413590e-03
0.000000e+00
0.000000e+00
1.441910e-03
0.000000e+00
-2.326090e-09
5.313590e-01
-3.931020e-08
5.450730e-09
-9.642840e-01
3.430480e-21
0.000000e+00
-1.173400e-01
0.000000e+00
0.000000e+00
5.365440e-02
0.000000e+00
0.000000e+00
1.416190e-02
0.000000e+00
0.000000e+00
2.788880e-03
0.000000e+00
1.411770e-07
7.503530e+01
-3.408830e-07
4.674160e-06
6.701010e+03
-4.536100e-19
0.000000e+00
3.974820e+04
0.000000e+00
0.000000e+00
2.511430e+05
0.000000e+00
0.000000e+00
7.843290e+04
0.000000e+00
0.000000e+00
-4.359750e+05
0.000000e+00
-3.672090e-09
2.639470e+00
-9.239150e-08
9.177590e-13
-3.830580e-01
-2.382280e-23
0.000000e+00
-7.781240e-02
0.000000e+00
0.000000e+00
2.551200e-02
0.000000e+00
0.000000e+00
7.147610e-03
0.000000e+00
0.000000e+00
1.441370e-03
0.000000e+00
1.935840e-08
-3.034450e+01
-4.269050e-20
1.972190e-08
-1.555390e+01
-2.439450e-19
0.000000e+00
-1.646090e+00
0.000000e+00
0.000000e+00
3.540070e-01
0.000000e+00
0.000000e+00
1.707690e-01
0.000000e+00
0.000000e+00
3.704930e-02
0.000000e+00
1.357940e-08
-2.035250e+01
-2.744390e-20
-8.892770e-07
2.182350e+02
-1.488950e-07
0.000000e+00
2.799390e+01
0.000000e+00
0.000000e+00
-2.170840e+00
0.000000e+00
0.000000e+00
-1.431780e+00
0.000000e+00
0.000000e+00
-3.135620e-01
0.000000e+00
1.611220e-08
-3.194670e+01
1.219730e-20
5.232990e-09
-1.220270e+01
0.000000e+00
0.000000e+00
-2.674610e+00
0.000000e+00
0.000000e+00
3.126830e-01
0.000000e+00
0.000000e+00
2.107790e-01
0.000000e+00
0.000000e+00
4.715720e-02
0.000000e+00
1.949220e-08
-3.198720e+01
3.049320e-20
1.461230e-08
-1.478040e+01
-3.122500e-18
0.000000e+00
-2.304960e+00
0.000000e+00
0.000000e+00
3.567740e-01
0.000000e+00
0.000000e+00
2.070200e-01
0.000000e+00
0.000000e+00
4.574210e-02
0.000000e+00
5.812210e-09
-3.308640e+00
0.000000e+00
0.000000e+00
-5.380420e-01
0.000000e+00
0.000000e+00
-5.788330e-02
0.000000e+00
0.000000e+00
2.954620e-02
0.000000e+00
0.000000e+00
7.504960e-03
0.000000e+00
0.000000e+00
1.534900e-03
0.000000e+00
4.209100e-09
-2.587680e+00
-7.623300e-22
0.000000e+00
-8.930120e-01
0.000000e+00
0.000000e+00
-1.213810e-01
0.000000e+00
0.000000e+00
5.094650e-02
0.000000e+00
0.000000e+00
1.423630e-02
0.000000e+00
0.000000e+00
2.912710e-03
0.000000e+00
3.735880e-07
2.963880e+02
2.439450e-20
0.000000e+00
6.826430e+03
0.000000e+00
0.000000e+00
3.912360e+04
0.000000e+00
0.000000e+00
2.484820e+05
0.000000e+00
0.000000e+00
3.032910e+04
0.000000e+00
0.000000e+00
-4.257810e+05
0.000000e+00
8.110550e-09
-8.067590e+00
0.000000e+00
0.000000e+00
-3.810610e-01
0.000000e+00
0.000000e+00
-7.860620e-02
0.000000e+00
0.000000e+00
2.406590e-02
0.000000e+00
0.000000e+00
7.197810e-03
0.000000e+00
0.000000e+00
1.531570e-03
0.000000e+00
0.000000e+00
3.992544e-320
4.763340e-09
-1.051750e-14
5.744150e-05
4.332800e-09
2.347540e-13
5.201670e-05
-4.304030e-05
1.604070e-13
-6.532090e-03
4.279520e-07
2.240050e-13
6.558080e-05
6.291500e-09
1.851980e-12
9.298540e-07
0.000000e+00
3.287800e-10
0.000000e+00
5.164560e-09
8.402910e-17
6.227990e-05
5.049170e-09
8.527480e-17
6.061720e-05
6.896190e-03
4.305840e-05
1.075600e+00
1.050550e-09
2.393280e-12
1.362680e-06
5.066910e-09
3.300870e-12
7.488660e-07
0.000000e+00
3.287580e-10
0.000000e+00
4.803180e-09
2.668960e-16
5.792200e-05
4.239090e-09
-1.838310e-14
5.089150e-05
6.470900e-03
9.447780e-06
1.009340e+00
2.928920e-07
1.850110e-13
4.562270e-05
3.084990e-09
8.588450e-12
4.559470e-07
0.000000e+00
3.286820e-10
0.000000e+00
4.797510e-09
2.037810e-14
5.785360e-05
4.947660e-09
-3.218450e-17
5.939880e-05
-4.870460e-05
4.545620e-13
-7.391850e-03
1.872180e-07
4.748800e-13
2.962990e-05
5.299090e-09
2.973390e-12
7.831800e-07
0.000000e+00
3.287630e-10
0.000000e+00
-2.704390e-07
8.446040e-14
-3.956280e-05
-2.198020e-07
4.612440e-14
-3.169320e-05
-2.583480e-07
1.554360e-13
-3.671730e-05
-1.114070e-07
1.149770e-13
-1.559840e-05
1.542280e-09
5.022670e-12
2.155980e-07
0.000000e+00
3.287190e-10
0.000000e+00
-3.022880e-07
4.682150e-14
-4.422250e-05
-1.528880e-07
6.256370e-13
-2.204480e-05
-2.942690e-07
4.265710e-13
-4.182500e-05
-1.632870e-07
1.062430e-12
-2.286850e-05
1.424300e-09
5.811460e-12
1.991070e-07
0.000000e+00
3.287070e-10
0.000000e+00
-1.806860e-07
1.754120e-13
-1.093810e+00
-1.807320e-07
1.832050e-14
-2.605830e-05
-2.065170e-07
8.644580e-13
-2.935150e-05
-8.568470e-08
8.236800e-13
-1.199720e-05
1.842210e-09
3.423140e-12
2.575280e-07
0.000000e+00
3.287420e-10
0.000000e+00
-2.509170e-07
2.473440e-13
-3.670720e-05
-2.721150e-07
7.369350e-13
-3.924000e-05
-2.253650e-07
6.768890e-14
-3.202850e-05
-1.036910e-07
7.102900e-13
-1.451950e-05
1.200890e-09
7.813750e-12
1.678760e-07
0.000000e+00
3.286780e-10
0.000000e+00
-6.955600e-10
2.806120e-14
-8.569840e-06
-4.474110e-09
-2.281130e-13
-5.371740e-05
4.216620e-05
5.082040e-13
6.400290e-03
2.760310e-07
4.142790e-12
4.093120e-05
0.000000e+00
2.659680e-10
0.000000e+00
0.000000e+00
-7.044330e-11
0.000000e+00
-1.486600e-09
1.715020e-13
-1.809100e-05
-5.189140e-09
5.090100e-13
-6.230220e-05
3.161690e-05
9.405800e-13
4.799500e-03
4.011700e-07
-5.100120e-13
5.948760e-05
0.000000e+00
2.645530e-10
0.000000e+00
0.000000e+00
-7.044330e-11
0.000000e+00
-5.200520e-10
0.000000e+00
-6.463150e-06
-4.384840e-09
1.042260e-13
-5.264580e-05
4.674060e-05
1.691460e-13
7.095050e-03
4.402760e-07
1.231660e-12
6.528630e-05
0.000000e+00
2.593830e-10
0.000000e+00
0.000000e+00
-7.044330e-11
0.000000e+00
-1.208500e-09
2.592350e-13
-1.473360e-05
-5.080800e-09
2.978130e-13
-6.100140e-05
4.783150e-05
-8.285690e-14
7.260400e-03
4.356530e-07
9.987580e-13
6.460090e-05
0.000000e+00
2.649110e-10
0.000000e+00
0.000000e+00
-7.044330e-11
0.000000e+00
1.132410e-07
-7.100110e-14
1.684080e-05
7.462190e-08
7.128060e-14
1.102790e-05
1.794590e-07
2.042780e-14
2.566000e-05
1.156710e-07
3.275260e-12
1.620360e-05
0.000000e+00
2.628630e-10
0.000000e+00
0.000000e+00
-7.033400e-11
0.000000e+00
1.731770e-07
-4.478540e-14
2.556090e-05
-2.577370e-08
1.895400e-13
-3.394590e-06
2.363420e-07
-3.847210e-13
3.371180e-05
1.670370e-07
2.472060e-13
2.339900e-05
0.000000e+00
2.621090e-10
0.000000e+00
0.000000e+00
-7.033400e-11
0.000000e+00
5.433000e-08
2.661430e-13
-5.899750e-01
1.153440e-08
3.488970e-13
1.972720e-06
1.520410e-07
-2.608340e-13
2.171730e-05
8.806640e-08
4.862490e-12
1.233660e-05
0.000000e+00
2.643870e-10
0.000000e+00
0.000000e+00
-7.033400e-11
0.000000e+00
1.404850e-07
-2.014910e-13
2.074560e-05
-1.090140e-08
-7.204150e-13
-1.062830e-06
1.425810e-07
3.054520e-13
2.042580e-05
1.071040e-07
3.284510e-12
1.500350e-05
0.000000e+00
2.600930e-10
0.000000e+00
0.000000e+00
-7.033400e-11
0.000000e+00
-3.926480e-09
6.333750e-13
-4.717100e-05
-1.410790e-07
1.363150e-12
-2.105720e-05
1.568300e-07
4.961930e-12
2.335920e-05
0.000000e+00
1.984950e-10
0.000000e+00
0.000000e+00
-4.345450e-11
0.000000e+00
0.000000e+00
-4.706240e-11
0.000000e+00
-3.537990e-09
5.111340e-13
-4.250390e-05
-2.475860e-07
9.513580e-13
-3.695430e-05
2.732740e-07
4.132220e-13
4.066680e-05
0.000000e+00
2.053780e-10
0.000000e+00
0.000000e+00
-4.351820e-11
0.000000e+00
0.000000e+00
-4.706240e-11
0.000000e+00
-4.137370e-09
5.789250e-13
-4.970460e-05
-2.131160e-07
4.969360e-13
-3.180880e-05
3.190230e-07
1.035200e-12
4.747820e-05
0.000000e+00
2.075970e-10
0.000000e+00
0.000000e+00
-4.354360e-11
0.000000e+00
0.000000e+00
-4.706240e-11
0.000000e+00
-3.455870e-09
7.231540e-13
-4.151740e-05
-2.924650e-07
2.231060e-13
-4.365330e-05
2.358530e-07
2.337640e-12
3.512540e-05
0.000000e+00
2.025880e-10
0.000000e+00
0.000000e+00
-4.347200e-11
0.000000e+00
0.000000e+00
-4.706240e-11
0.000000e+00
-5.846310e-08
2.415770e-13
-8.076670e-06
6.882660e-08
2.196440e-12
9.940350e-06
8.187370e-08
3.128630e-12
1.149470e-05
0.000000e+00
2.042130e-10
0.000000e+00
0.000000e+00
-4.339360e-11
0.000000e+00
0.000000e+00
-4.723690e-11
0.000000e+00
-6.480970e-08
5.990500e-13
-9.028610e-06
1.169860e-07
6.086690e-13
1.677080e-05
5.997960e-08
5.329300e-12
8.424010e-06
0.000000e+00
2.025690e-10
0.000000e+00
0.000000e+00
-4.334040e-11
0.000000e+00
0.000000e+00
-4.723690e-11
0.000000e+00
-4.275990e-08
2.465590e-13
-5.889410e-06
9.879500e-08
1.161360e-12
1.420210e-05
5.484090e-08
5.514560e-12
7.703380e-06
0.000000e+00
2.051480e-10
0.000000e+00
0.000000e+00
-4.344050e-11
0.000000e+00
0.000000e+00
-9.702000e-02
0.000000e+00
-2.241420e-07
1.062990e-12
-3.180670e-05
2.132680e-07
1.856950e-13
3.050670e-05
8.657100e-08
2.594100e-12
1.215430e-05
0.000000e+00
2.054820e-10
0.000000e+00
0.000000e+00
-4.342040e-11
0.000000e+00
0.000000e+00
-4.723690e-11
0.000000e+00
-2.046070e-09
-6.360590e-13
-3.054070e-07
1.409870e-07
-1.281570e-12
2.104490e-05
9.048300e-09
-4.947430e-12
1.319020e-06
0.000000e+00
-1.973970e-10
0.000000e+00
0.000000e+00
-2.192970e-10
0.000000e+00
0.000000e+00
-2.225930e-10
0.000000e+00
-3.593260e-09
-6.597490e-13
-5.363490e-07
2.477770e-07
-1.427500e-12
3.698460e-05
3.492530e-09
-1.187550e-12
5.091240e-07
0.000000e+00
-2.019970e-10
0.000000e+00
0.000000e+00
-2.192970e-10
0.000000e+00
0.000000e+00
-2.225930e-10
0.000000e+00
-3.077660e-09
-5.675990e-13
-4.593880e-07
2.121910e-07
-5.405960e-13
3.167290e-05
5.244620e-09
-6.125420e-13
7.645350e-07
0.000000e+00
-2.036050e-10
0.000000e+00
0.000000e+00
-2.192970e-10
0.000000e+00
0.000000e+00
-2.225930e-10
0.000000e+00
-4.258660e-09
-9.718690e-13
-6.356700e-07
2.935430e-07
-5.227260e-13
4.381630e-05
1.225200e-08
-2.081110e-12
1.786040e-06
0.000000e+00
-1.984990e-10
0.000000e+00
0.000000e+00
-2.192970e-10
0.000000e+00
0.000000e+00
-2.225930e-10
0.000000e+00
2.056320e-07
-2.355140e-13
2.935310e-05
7.655840e-08
-2.258010e-12
1.076910e-05
1.033290e-09
-2.298940e-12
1.432070e-07
0.000000e+00
-2.023830e-10
0.000000e+00
0.000000e+00
-2.194280e-10
0.000000e+00
0.000000e+00
-2.225130e-10
0.000000e+00
1.858390e-07
-5.721720e-13
2.652750e-05
5.999730e-08
-1.345780e-12
8.439560e-06
2.534410e-09
-4.626640e-12
3.512530e-07
0.000000e+00
-1.985070e-10
0.000000e+00
0.000000e+00
-2.194280e-10
0.000000e+00
0.000000e+00
-2.225130e-10
0.000000e+00
1.591510e-07
-6.387650e-13
2.271860e-05
7.284140e-08
-1.504740e-12
1.024630e-05
2.937430e-09
-5.351560e-12
4.071100e-07
0.000000e+00
-2.052740e-10
0.000000e+00
0.000000e+00
-2.194280e-10
0.000000e+00
0.000000e+00
-9.702760e-02
0.000000e+00
3.231830e-07
-1.086710e-12
4.613170e-05
7.161410e-08
-1.650000e-13
1.007360e-05
1.123270e-09
-1.975560e-12
1.556790e-07
0.000000e+00
-2.041800e-10
0.000000e+00
0.000000e+00
-2.194280e-10
0.000000e+00
0.000000e+00
-2.225130e-10
0.000000e+00
-9.226290e-08
3.353430e-14
-1.303210e-05
-2.998160e-06
4.665650e-13
-4.141300e-04
1.340960e-07
3.592040e-12
1.852320e-05
0.000000e+00
7.631290e-11
0.000000e+00
0.000000e+00
7.327690e-11
0.000000e+00
0.000000e+00
7.001790e-11
0.000000e+00
-1.242130e-07
1.158310e-13
-1.754470e-05
-1.978540e-06
1.329610e-13
-2.732780e-04
2.054090e-07
2.095430e-12
2.837390e-05
0.000000e+00
7.637680e-11
0.000000e+00
0.000000e+00
7.327690e-11
0.000000e+00
0.000000e+00
7.001790e-11
0.000000e+00
-1.215870e-07
3.798890e-13
-1.717290e-05
-1.256020e-06
8.550430e-14
-1.734720e-04
2.626110e-07
1.407260e-12
3.627550e-05
0.000000e+00
7.640600e-11
0.000000e+00
0.000000e+00
7.327690e-11
0.000000e+00
0.000000e+00
7.001790e-11
0.000000e+00
-9.677680e-08
1.483790e-13
-1.366750e-05
-2.040940e-06
1.538420e-13
-2.818980e-04
2.153690e-07
1.948920e-12
2.974980e-05
0.000000e+00
7.638300e-11
0.000000e+00
0.000000e+00
7.327690e-11
0.000000e+00
0.000000e+00
7.001790e-11
0.000000e+00
-4.729520e-08
1.011520e-13
-6.680740e-06
-3.481820e-08
2.130850e-12
-4.800990e-06
2.988070e-09
2.684340e-11
4.127550e-07
0.000000e+00
7.532710e-11
0.000000e+00
0.000000e+00
7.327690e-11
0.000000e+00
0.000000e+00
7.001790e-11
0.000000e+00
-5.094060e-08
5.003130e-13
-7.194720e-06
-5.163350e-08
1.254180e-12
-7.120620e-06
5.743770e-09
2.254830e-11
7.934100e-07
0.000000e+00
7.551020e-11
0.000000e+00
0.000000e+00
7.327690e-11
0.000000e+00
0.000000e+00
7.001790e-11
0.000000e+00
-5.737140e-08
6.784010e-13
-8.101240e-06
1.404440e-09
4.837940e-13
2.117070e-07
3.222340e-09
2.635580e-11
4.451140e-07
0.000000e+00
7.535060e-11
0.000000e+00
0.000000e+00
7.327690e-11
0.000000e+00
0.000000e+00
5.222540e-02
0.000000e+00
-8.197670e-08
7.350840e-13
-1.157920e-05
1.169450e-09
6.133660e-13
1.776430e-07
3.875050e-09
2.525870e-11
5.352770e-07
0.000000e+00
7.539670e-11
0.000000e+00
0.000000e+00
7.327690e-11
0.000000e+00
0.000000e+00
7.001790e-11
0.000000e+00
-2.176390e-06
8.372020e-14
-3.003650e-04
2.894410e-06
6.640320e-14
3.998160e-04
0.000000e+00
4.112430e-11
0.000000e+00
0.000000e+00
-2.927110e-11
0.000000e+00
0.000000e+00
-2.930990e-11
0.000000e+00
0.000000e+00
-2.993730e-11
0.000000e+00
-1.512940e-06
-7.043720e-14
-2.086270e-04
1.609330e-05
9.280840e-13
2.223030e-03
0.000000e+00
4.256310e-11
0.000000e+00
0.000000e+00
-2.927110e-11
0.000000e+00
0.000000e+00
-2.930990e-11
0.000000e+00
0.000000e+00
-2.993730e-11
0.000000e+00
-2.047530e-06
-3.165820e-13
-2.824830e-04
1.013170e-06
1.942770e-12
1.399530e-04
0.000000e+00
4.320950e-11
0.000000e+00
0.000000e+00
-2.927110e-11
0.000000e+00
0.000000e+00
-2.930990e-11
0.000000e+00
0.000000e+00
-2.993730e-11
0.000000e+00
-2.368520e-06
-3.223020e-14
-3.268990e-04
1.850700e-06
8.672570e-13
2.556440e-04
0.000000e+00
4.270310e-11
0.000000e+00
0.000000e+00
-2.927110e-11
0.000000e+00
0.000000e+00
-2.930990e-11
0.000000e+00
0.000000e+00
-2.993730e-11
0.000000e+00
-3.578900e-08
4.127670e-13
-4.804610e-06
3.584050e-08
1.029270e-11
4.950790e-06
0.000000e+00
1.861680e-11
0.000000e+00
0.000000e+00
-2.927110e-11
0.000000e+00
0.000000e+00
-2.930990e-11
0.000000e+00
0.000000e+00
-2.993730e-11
0.000000e+00
-1.116240e-08
-7.817680e-15
-1.395540e-06
5.137770e-08
9.816150e-12
7.097010e-06
0.000000e+00
2.278400e-11
0.000000e+00
0.000000e+00
-2.927110e-11
0.000000e+00
0.000000e+00
-2.930990e-11
0.000000e+00
0.000000e+00
-2.993730e-11
0.000000e+00
-3.654010e-08
-2.424390e-13
-4.888830e-06
3.091080e-09
2.010350e-11
4.269830e-07
0.000000e+00
1.902980e-11
0.000000e+00
0.000000e+00
-2.927110e-11
0.000000e+00
0.000000e+00
-2.930990e-11
0.000000e+00
0.000000e+00
5.222360e-02
0.000000e+00
-9.869840e-08
-5.424980e-13
-1.339420e-05
1.968570e-09
2.160180e-11
2.719260e-07
0.000000e+00
2.005170e-11
0.000000e+00
0.000000e+00
-2.927110e-11
0.000000e+00
0.000000e+00
-2.930990e-11
0.000000e+00
0.000000e+00
-2.993730e-11
0.000000e+00
2.238320e-06
-1.095500e-13
3.091890e-04
-1.209720e-11
1.121860e-13
-1.671030e-09
0.000000e+00
-4.392330e-11
0.000000e+00
0.000000e+00
-4.396180e-11
0.000000e+00
0.000000e+00
-4.396570e-11
0.000000e+00
0.000000e+00
-4.460790e-11
0.000000e+00
1.721730e-06
-3.139420e-14
2.378290e-04
-1.440470e-05
-4.073430e-13
-1.989790e-03
0.000000e+00
-4.394420e-11
0.000000e+00
0.000000e+00
-4.396180e-11
0.000000e+00
0.000000e+00
-4.396570e-11
0.000000e+00
0.000000e+00
-4.460790e-11
0.000000e+00
2.149360e-06
-4.161810e-14
2.969000e-04
-4.373070e-12
-1.399050e-12
-6.040700e-10
0.000000e+00
-4.391480e-11
0.000000e+00
0.000000e+00
-4.396180e-11
0.000000e+00
0.000000e+00
-4.396570e-11
0.000000e+00
0.000000e+00
-4.460790e-11
0.000000e+00
2.440180e-06
-1.044380e-13
3.370710e-04
-7.837310e-12
-3.664330e-13
-1.082600e-09
0.000000e+00
-4.394250e-11
0.000000e+00
0.000000e+00
-4.396180e-11
0.000000e+00
0.000000e+00
-4.396570e-11
0.000000e+00
0.000000e+00
-4.460790e-11
0.000000e+00
7.907390e-08
-3.904180e-13
1.092280e-05
0.000000e+00
-1.163130e-11
0.000000e+00
0.000000e+00
-4.394420e-11
0.000000e+00
0.000000e+00
-4.396180e-11
0.000000e+00
0.000000e+00
-4.396570e-11
0.000000e+00
0.000000e+00
-4.460790e-11
0.000000e+00
5.661500e-08
-3.365070e-13
7.820460e-06
0.000000e+00
-1.036580e-11
0.000000e+00
0.000000e+00
-4.394420e-11
0.000000e+00
0.000000e+00
-4.396180e-11
0.000000e+00
0.000000e+00
-4.396570e-11
0.000000e+00
0.000000e+00
-4.460790e-11
0.000000e+00
8.619360e-08
-2.944250e-13
1.190630e-05
0.000000e+00
-1.976200e-11
0.000000e+00
0.000000e+00
-4.394420e-11
0.000000e+00
0.000000e+00
-4.396180e-11
0.000000e+00
0.000000e+00
4.479560e-02
0.000000e+00
0.000000e+00
-4.460790e-11
0.000000e+00
1.736620e-07
-8.397970e-14
2.398860e-05
0.000000e+00
-2.132780e-11
0.000000e+00
0.000000e+00
-4.394420e-11
0.000000e+00
0.000000e+00
-4.396180e-11
0.000000e+00
0.000000e+00
-4.396570e-11
