-1.043330e-10
2.303700e-16
-1.258170e-06
-5.734790e-11
1.454120e-14
-6.864610e-07
9.427300e-07
-1.362010e-13
1.430750e-04
2.770100e-08
3.719450e-11
4.172400e-06
-1.609550e-08
-3.619750e-11
-2.378840e-06
0.000000e+00
-2.278040e-11
0.000000e+00
-1.131220e-10
1.925510e-14
-1.364140e-06
1.673940e-07
2.092300e-13
2.018630e-03
-9.671080e-05
-6.054230e-07
-1.508500e-02
1.896960e-05
1.665150e-07
2.869790e-03
-7.277340e-05
-2.175330e-06
-1.075560e-02
0.000000e+00
2.398170e-07
0.000000e+00
-1.052060e-10
-5.845950e-18
-1.268690e-06
-1.588000e-08
-4.629880e-12
-1.914930e-04
-1.085960e-04
-1.586910e-07
-1.693990e-02
2.078430e-05
2.940230e-08
3.144330e-03
-2.900480e-05
-1.115840e-07
-4.286770e-03
0.000000e+00
8.974850e-07
0.000000e+00
-1.050820e-10
-4.463510e-16
-1.267190e-06
-6.979350e-11
1.254700e-14
-8.358300e-07
1.066800e-06
-1.018930e-14
1.619070e-04
3.387380e-08
1.200660e-10
5.095980e-06
-2.189740e-08
-1.246870e-10
-3.236330e-06
0.000000e+00
-2.535140e-11
0.000000e+00
5.923550e-09
-1.849970e-15
8.665610e-07
5.262120e-09
1.936730e-13
7.595540e-07
5.693290e-09
6.299470e-15
8.092120e-07
1.556650e-09
-8.024980e-13
2.163170e-07
9.979420e-11
1.332070e-13
1.395050e-08
0.000000e+00
-1.115340e-11
0.000000e+00
6.621160e-09
-1.025550e-15
9.686250e-07
3.562110e-09
6.099750e-14
5.140030e-07
6.220610e-09
-9.940700e-13
8.837420e-07
2.960850e-09
-2.357710e-12
4.135520e-07
1.741360e-12
4.647230e-13
2.434280e-10
0.000000e+00
-1.050960e-11
0.000000e+00
3.957640e-09
-3.842120e-15
-3.886380e-02
-3.231530e-04
-2.776580e-07
-4.718180e-02
3.199350e-04
5.418870e-08
4.604950e-02
-5.434600e-04
-3.819360e-06
-7.709680e-02
-1.020710e-03
-1.109800e-05
-1.426870e-01
0.000000e+00
2.268830e-04
0.000000e+00
5.495950e-09
-5.417690e-15
8.040130e-07
5.588880e-09
-7.268420e-13
8.052710e-07
4.645390e-09
-1.192650e-12
6.596670e-07
1.839840e-09
-2.801770e-13
2.568360e-07
4.887460e-12
2.714600e-13
6.832290e-10
0.000000e+00
-1.381720e-11
0.000000e+00
1.000530e-11
2.046500e-15
1.246420e-07
9.999240e-11
-6.288320e-13
1.200610e-06
-9.557980e-07
-4.120770e-11
-1.450770e-04
-1.225990e-09
1.454810e-10
-1.817960e-07
0.000000e+00
-7.479270e-11
0.000000e+00
0.000000e+00
-8.416430e-09
0.000000e+00
-1.390720e-07
-1.768210e-13
-1.677080e-03
1.442670e-07
5.270930e-10
1.733160e-03
-7.517560e-05
-6.306450e-07
-1.140980e-02
6.508830e-05
1.644960e-06
9.651620e-03
0.000000e+00
2.271290e-08
0.000000e+00
0.000000e+00
4.675680e-05
0.000000e+00
3.703150e-08
4.135900e-25
4.465700e-04
-1.739780e-08
-1.006970e-10
-2.090140e-04
-9.266290e-05
-1.535330e-07
-1.406390e-02
2.835970e-05
9.914970e-08
4.205320e-03
0.000000e+00
1.934040e-07
0.000000e+00
0.000000e+00
4.490220e-05
0.000000e+00
7.447130e-13
-1.404540e-14
1.248940e-08
1.203130e-10
-3.982270e-12
1.444580e-06
-1.089100e-06
-1.296970e-10
-1.653160e-04
1.321450e-08
1.040150e-10
1.959520e-06
0.000000e+00
3.426670e-11
0.000000e+00
0.000000e+00
-4.425080e-09
0.000000e+00
-3.968480e-09
-6.065680e-13
-5.865740e-07
-2.552240e-09
-5.572900e-13
-3.739130e-07
-3.402250e-09
4.164590e-13
-4.869100e-07
-2.479570e-09
3.518860e-13
-3.473450e-07
0.000000e+00
-1.714450e-12
0.000000e+00
0.000000e+00
-4.170580e-10
0.000000e+00
-5.050840e-09
-2.525810e-13
-7.438610e-07
-5.627240e-10
-1.134850e-11
-8.822460e-08
-4.293530e-09
8.275580e-12
-6.128570e-07
-3.496080e-09
-1.117910e-12
-4.897410e-07
0.000000e+00
-3.076310e-12
0.000000e+00
0.000000e+00
-2.810260e-10
0.000000e+00
5.301030e-04
6.784700e-07
3.955200e-02
-7.587200e-04
-9.188610e-07
-1.094260e-01
-1.184260e-03
-9.021040e-06
-1.683470e-01
4.316830e-03
6.802990e-05
6.047150e-01
0.000000e+00
-2.579180e-04
0.000000e+00
0.000000e+00
4.378640e-02
0.000000e+00
-4.307880e-09
-1.577540e-12
-6.344560e-07
-1.301560e-09
-8.156330e-12
-1.988740e-07
-2.711640e-09
-5.157050e-13
-3.889170e-07
-2.115260e-09
1.303630e-12
-2.963120e-07
0.000000e+00
8.913700e-14
0.000000e+00
0.000000e+00
-3.813440e-10
0.000000e+00
5.041990e-11
-1.628410e-14
6.057230e-07
3.090120e-09
-2.252650e-13
4.612260e-07
-1.702260e-08
-3.442450e-10
-2.533120e-06
2.094530e-25
4.992480e-10
2.001810e-23
0.000000e+00
3.906200e-09
0.000000e+00
0.000000e+00
-5.402310e-09
0.000000e+00
-1.194590e-07
-4.373120e-10
-1.435130e-03
5.422990e-09
2.116830e-10
8.094260e-07
-9.701490e-05
-2.656450e-06
-1.443340e-02
1.948780e-21
1.102210e-07
6.282030e-20
0.000000e+00
-1.309590e-05
0.000000e+00
0.000000e+00
2.941120e-05
0.000000e+00
3.943040e-08
-1.268040e-14
4.737000e-04
4.667970e-09
-2.229550e-10
6.967220e-07
-6.846300e-05
-4.462910e-07
-1.018560e-02
6.660890e-22
5.073080e-08
3.622100e-19
0.000000e+00
-3.360550e-06
0.000000e+00
0.000000e+00
2.836970e-05
0.000000e+00
2.656530e-11
-3.150030e-13
3.191440e-07
6.405980e-09
-1.888240e-13
9.561570e-07
-3.757940e-08
-2.471680e-10
-5.591670e-06
-7.308770e-26
2.484880e-10
6.116240e-24
0.000000e+00
6.168720e-09
0.000000e+00
0.000000e+00
-2.842610e-09
0.000000e+00
1.314430e-09
-1.743080e-15
1.818040e-07
-9.701080e-10
4.870280e-12
-1.411740e-07
-8.810190e-10
4.358840e-11
-1.237120e-07
4.421610e-27
-2.404760e-12
7.666960e-25
0.000000e+00
5.196330e-10
0.000000e+00
0.000000e+00
-2.608340e-10
0.000000e+00
1.238760e-09
-1.566030e-14
1.716300e-07
-1.969510e-09
4.795690e-12
-2.828870e-07
-7.336210e-10
2.373790e-11
-1.030790e-07
-3.932930e-27
6.645480e-12
-9.348740e-25
0.000000e+00
3.222870e-10
0.000000e+00
0.000000e+00
-1.765770e-10
0.000000e+00
3.469080e-04
1.635070e-06
5.013340e-02
-5.954270e-04
-3.651590e-06
-8.481530e-02
-5.626350e-04
-7.362290e-06
-7.897920e-02
-5.457530e-20
3.786390e-04
-1.375210e-17
0.000000e+00
-4.216760e-02
0.000000e+00
0.000000e+00
2.546750e-02
0.000000e+00
4.591860e-09
-1.893200e-13
6.507750e-07
-3.059900e-09
2.297020e-11
-4.386660e-07
-1.102180e-09
3.821840e-12
-1.547600e-07
-3.504290e-27
-2.359110e-12
-3.195990e-25
0.000000e+00
4.153830e-10
0.000000e+00
0.000000e+00
-2.390990e-10
0.000000e+00
4.481610e-11
-6.726530e-13
6.689470e-09
4.256820e-09
3.111310e-10
6.353840e-07
-2.327450e-10
-9.404600e-11
-3.392840e-08
0.000000e+00
-5.069590e-09
0.000000e+00
0.000000e+00
8.997740e-09
0.000000e+00
0.000000e+00
4.875560e-12
0.000000e+00
7.870480e-11
-2.584570e-09
1.174790e-08
1.461100e-05
3.749030e-07
2.180900e-03
-1.122520e-08
-3.032610e-08
-1.636360e-06
0.000000e+00
2.905210e-05
0.000000e+00
0.000000e+00
1.216160e-05
0.000000e+00
0.000000e+00
4.875560e-12
0.000000e+00
6.741140e-11
-1.054610e-09
1.006220e-08
1.110190e-05
1.326020e-07
1.657130e-03
-4.354580e-09
-5.162180e-09
-6.347890e-07
0.000000e+00
2.823430e-05
0.000000e+00
0.000000e+00
7.099280e-06
0.000000e+00
0.000000e+00
4.875560e-12
0.000000e+00
9.327940e-11
-1.965060e-12
1.392340e-08
6.834750e-09
1.050550e-10
1.020180e-06
-2.805600e-10
-1.176780e-11
-4.089870e-08
0.000000e+00
-2.705200e-09
0.000000e+00
0.000000e+00
7.273010e-09
0.000000e+00
0.000000e+00
4.875560e-12
0.000000e+00
-3.897560e-09
2.231660e-12
-5.563690e-07
-1.546040e-09
6.593620e-12
-2.174730e-07
-2.248440e-11
8.470900e-13
-3.116200e-09
0.000000e+00
-2.552020e-10
0.000000e+00
0.000000e+00
1.774150e-10
0.000000e+00
0.000000e+00
4.873800e-12
0.000000e+00
-3.410940e-09
6.359190e-12
-4.869000e-07
-1.227290e-09
3.400540e-12
-1.726380e-07
-5.529710e-11
8.652010e-13
-7.663840e-09
0.000000e+00
-1.688230e-10
0.000000e+00
0.000000e+00
1.428440e-10
0.000000e+00
0.000000e+00
4.873800e-12
0.000000e+00
1.347740e-04
1.705500e-06
1.923690e-02
-1.078310e-04
-3.774000e-06
-1.516800e-02
-1.013410e-05
-3.515720e-05
-1.404530e-03
0.000000e+00
2.746170e-02
0.000000e+00
0.000000e+00
-2.474230e-02
0.000000e+00
0.000000e+00
-3.273000e-03
0.000000e+00
-5.962460e-09
1.140650e-11
-8.510990e-07
-1.370270e-09
9.716610e-13
-1.927490e-07
-2.451020e-11
4.549810e-13
-3.396960e-09
0.000000e+00
-2.351530e-10
0.000000e+00
0.000000e+00
1.679870e-10
0.000000e+00
0.000000e+00
4.873800e-12
0.000000e+00
2.020870e-09
-7.345170e-16
2.854480e-07
6.575800e-08
1.914590e-13
9.083220e-06
1.794670e-08
2.177910e-09
2.479060e-06
0.000000e+00
-5.161850e-11
0.000000e+00
0.000000e+00
-2.057320e-08
0.000000e+00
0.000000e+00
6.070690e-09
0.000000e+00
2.720690e-09
-2.537100e-15
3.842890e-07
-1.669840e-07
-1.188770e-09
-2.355080e-05
1.354990e-07
2.807540e-09
1.871700e-05
0.000000e+00
-1.193980e-08
0.000000e+00
0.000000e+00
2.193650e-07
0.000000e+00
0.000000e+00
-3.851260e-08
0.000000e+00
2.663180e-09
-8.320870e-15
3.761450e-07
4.177490e-08
2.465320e-10
5.802760e-06
1.138690e-08
1.980490e-10
1.572920e-06
0.000000e+00
3.143380e-10
0.000000e+00
0.000000e+00
-2.343430e-08
0.000000e+00
0.000000e+00
4.422950e-09
0.000000e+00
2.119740e-09
-3.250020e-15
2.993650e-07
5.640800e-08
8.718290e-11
7.818260e-06
2.056480e-08
5.616060e-10
2.840700e-06
0.000000e+00
2.206490e-10
0.000000e+00
0.000000e+00
-2.338690e-08
0.000000e+00
0.000000e+00
5.528560e-09
0.000000e+00
1.035930e-09
-2.215570e-15
1.463310e-07
-5.683880e-10
-1.959980e-11
-8.176480e-08
-5.427360e-11
2.382300e-10
-7.497030e-09
0.000000e+00
2.195370e-10
0.000000e+00
0.000000e+00
-1.606680e-09
0.000000e+00
0.000000e+00
6.522150e-10
0.000000e+00
1.115780e-09
-1.095860e-14
1.575890e-07
5.463250e-10
-3.118490e-11
7.386420e-08
-1.015750e-10
1.604710e-10
-1.403090e-08
0.000000e+00
5.133190e-10
0.000000e+00
0.000000e+00
-2.922030e-09
0.000000e+00
0.000000e+00
1.109320e-09
0.000000e+00
1.256630e-09
-1.485930e-14
1.774450e-07
1.400660e-07
6.698610e-09
1.966990e-05
1.662640e-07
7.916700e-07
2.296680e-05
0.000000e+00
1.333780e-03
0.000000e+00
0.000000e+00
-4.055910e-03
0.000000e+00
0.000000e+00
-1.257980e-02
0.000000e+00
1.795570e-09
-1.610090e-14
2.536250e-07
-1.038330e-08
-5.899570e-10
-1.458480e-06
-7.825860e-11
3.237710e-11
-1.081020e-08
0.000000e+00
4.721460e-10
0.000000e+00
0.000000e+00
-1.741860e-09
0.000000e+00
0.000000e+00
5.563510e-10
0.000000e+00
-6.647140e-09
-2.652480e-10
-1.097500e-06
-6.117120e-08
-1.639700e-11
-8.449830e-06
0.000000e+00
-1.495140e-10
0.000000e+00
0.000000e+00
7.068450e-09
0.000000e+00
0.000000e+00
5.664750e-10
0.000000e+00
0.000000e+00
1.068440e-09
0.000000e+00
2.808730e-07
3.115040e-09
3.958110e-05
-3.954600e-07
-2.770500e-09
-5.462640e-05
0.000000e+00
-9.352180e-09
0.000000e+00
0.000000e+00
-2.100730e-07
0.000000e+00
0.000000e+00
-3.460370e-09
0.000000e+00
0.000000e+00
-6.640360e-09
0.000000e+00
-8.494440e-09
-2.267990e-09
-1.351330e-06
-1.901370e-08
2.427270e-10
-2.626440e-06
0.000000e+00
1.414520e-09
0.000000e+00
0.000000e+00
1.345000e-08
0.000000e+00
0.000000e+00
1.821620e-09
0.000000e+00
0.000000e+00
7.647500e-10
0.000000e+00
-9.869320e-09
-1.308450e-09
-1.566420e-06
-3.939810e-08
1.194390e-10
-5.442220e-06
0.000000e+00
5.795890e-10
0.000000e+00
0.000000e+00
1.012290e-08
0.000000e+00
0.000000e+00
1.396890e-09
0.000000e+00
0.000000e+00
9.653280e-10
0.000000e+00
6.324770e-10
-4.327270e-12
8.383710e-08
-7.831500e-10
4.419510e-11
-1.081800e-07
0.000000e+00
1.827590e-10
0.000000e+00
0.000000e+00
8.499840e-10
0.000000e+00
0.000000e+00
-1.668960e-10
0.000000e+00
0.000000e+00
1.165050e-10
0.000000e+00
-9.889910e-10
-1.652620e-10
-1.437570e-07
-1.122940e-09
3.685650e-11
-1.551170e-07
0.000000e+00
1.440800e-10
0.000000e+00
0.000000e+00
1.578190e-09
0.000000e+00
0.000000e+00
-2.661830e-10
0.000000e+00
0.000000e+00
1.973640e-10
0.000000e+00
1.738490e-05
2.914330e-06
2.456940e-03
4.130960e-08
5.755180e-06
5.706260e-06
0.000000e+00
-1.285680e-03
0.000000e+00
0.000000e+00
-4.106900e-03
0.000000e+00
0.000000e+00
1.428210e-02
0.000000e+00
0.000000e+00
-7.384130e-03
0.000000e+00
1.018390e-08
9.655960e-10
1.427100e-06
-4.295940e-11
2.056050e-11
-5.934150e-09
0.000000e+00
1.066950e-09
0.000000e+00
0.000000e+00
9.119570e-10
0.000000e+00
0.000000e+00
-1.598420e-10
0.000000e+00
0.000000e+00
9.890450e-11
0.000000e+00
-4.650170e-08
1.117050e-10
-6.423460e-06
-9.216450e-13
-3.072230e-13
-1.273100e-10
0.000000e+00
-4.066010e-09
0.000000e+00
0.000000e+00
1.182150e-09
0.000000e+00
0.000000e+00
8.053480e-10
0.000000e+00
0.000000e+00
9.770670e-13
0.000000e+00
-3.055180e-08
1.537260e-10
-4.220240e-06
3.146050e-07
-7.707240e-10
4.345770e-05
0.000000e+00
4.354480e-08
0.000000e+00
0.000000e+00
-7.496050e-09
0.000000e+00
0.000000e+00
-7.823390e-09
0.000000e+00
0.000000e+00
9.770670e-13
0.000000e+00
-4.642560e-08
1.226520e-11
-6.412960e-06
5.122270e-11
1.481190e-10
7.075590e-09
0.000000e+00
-4.666390e-09
0.000000e+00
0.000000e+00
8.625880e-10
0.000000e+00
0.000000e+00
1.118820e-09
0.000000e+00
0.000000e+00
9.770670e-13
0.000000e+00
-5.181520e-08
6.286070e-11
-7.157440e-06
1.880930e-11
1.482090e-11
2.598200e-09
0.000000e+00
-4.643920e-09
0.000000e+00
0.000000e+00
1.077600e-09
0.000000e+00
0.000000e+00
1.047200e-09
0.000000e+00
0.000000e+00
9.770670e-13
0.000000e+00
-1.730930e-09
5.884420e-12
-2.391000e-07
0.000000e+00
3.217540e-11
0.000000e+00
0.000000e+00
-3.136760e-10
0.000000e+00
0.000000e+00
1.266690e-10
0.000000e+00
0.000000e+00
2.439860e-11
0.000000e+00
0.000000e+00
9.770670e-13
0.000000e+00
-1.238960e-09
7.905920e-12
-1.711420e-07
0.000000e+00
8.012650e-11
0.000000e+00
0.000000e+00
-5.721070e-10
0.000000e+00
0.000000e+00
2.150170e-10
0.000000e+00
0.000000e+00
5.056060e-11
0.000000e+00
0.000000e+00
9.770670e-13
0.000000e+00
3.209460e-08
1.374190e-07
4.433350e-06
0.000000e+00
3.583030e-04
0.000000e+00
0.000000e+00
-7.944570e-04
0.000000e+00
0.000000e+00
-1.164010e-03
0.000000e+00
0.000000e+00
-2.754760e-03
0.000000e+00
0.000000e+00
9.771210e-13
0.000000e+00
-3.803070e-09
5.799620e-13
-5.253330e-07
0.000000e+00
1.442960e-10
0.000000e+00
0.000000e+00
-3.398120e-10
0.000000e+00
0.000000e+00
1.083220e-10
0.000000e+00
0.000000e+00
2.991290e-11
0.000000e+00
0.000000e+00
9.770670e-13
0.000000e+00
4.649990e-310
3.992544e-320
-1.002620e-12
-4.833660e-04
1.113240e-27
1.014080e-13
1.986050e-03
-5.162320e-17
-1.315240e-10
1.182340e-01
-3.689530e-09
-3.393370e-11
2.106380e-01
8.104410e-09
6.560510e-10
-3.065770e-01
3.811650e-22
0.000000e+00
-1.299130e-01
0.000000e+00
2.320980e-10
-3.109380e+00
5.583470e-25
-8.469910e-10
1.136570e+01
-1.273030e-13
1.463510e-07
-9.829380e+02
5.325140e-05
-1.322810e-07
7.226240e+02
-5.469320e-06
5.199540e-06
-1.079740e+03
-7.806260e-19
0.000000e+00
7.955320e+02
0.000000e+00
-3.028560e-10
2.765870e+00
9.305780e-25
-3.415540e-09
2.921870e-01
-3.563810e-15
1.231550e-07
-8.506720e+02
4.794090e-05
-4.572790e-08
3.328620e+02
-4.022710e-06
3.852110e-06
3.102830e+01
-2.146720e-18
0.000000e+00
8.944890e+02
0.000000e+00
1.817920e-13
-1.627810e-03
1.817540e-28
-1.402080e-13
1.657450e-03
-3.760260e-17
-3.056270e-10
-7.812550e-02
-2.214840e-09
-6.424680e-11
3.949770e-01
4.924590e-09
1.177340e-09
-3.570570e-01
9.529120e-23
0.000000e+00
-8.202350e-02
0.000000e+00
-1.368030e-13
-7.423270e-04
-6.168610e-12
-7.932700e-13
5.723140e-03
1.913670e-11
-2.155680e-12
1.210850e-02
-1.084780e-10
4.138360e-13
-5.932550e-03
-1.468360e-10
-4.637320e-12
9.657650e-04
7.444630e-25
0.000000e+00
-5.342790e-03
0.000000e+00
1.418600e-13
-2.295660e-03
7.829250e-12
-2.209890e-12
2.727430e-03
-5.366290e-12
-3.177650e-12
1.038380e-02
-1.820740e-10
-2.793240e-12
-2.920230e-03
-1.450640e-10
1.524050e-12
-2.748170e-04
-1.023640e-24
0.000000e+00
-3.750250e-03
0.000000e+00
-3.106400e-07
2.457270e+03
-8.424880e-03
9.905630e-07
-9.061670e+03
2.799220e-05
-1.276000e-06
7.432230e+03
-7.475000e-05
-1.163200e-05
9.387900e+04
-9.861790e-04
-3.255560e-04
-1.009700e+05
-1.639310e-17
0.000000e+00
2.623400e+05
0.000000e+00
-9.233870e-13
1.725090e-03
-1.575130e-11
-2.492080e-12
3.300430e-03
-1.685570e-10
-1.455720e-12
8.423610e-03
-1.832220e-10
-1.967170e-12
-6.445940e-04
-1.117420e-10
-4.284340e-13
-8.567800e-05
1.017820e-24
0.000000e+00
-5.128520e-03
0.000000e+00
-1.375590e-13
-3.693620e-04
-2.431190e-17
7.788430e-11
2.110470e-03
7.022660e-18
2.047650e-10
-4.984640e-01
-4.255100e-09
-9.169500e-10
1.896350e-01
-1.429370e-21
0.000000e+00
-2.695400e-02
0.000000e+00
0.000000e+00
-1.302400e-01
0.000000e+00
4.864040e-10
-3.269810e+00
2.588100e-14
7.843230e-08
1.138490e+01
-1.062620e-13
1.430990e-07
-1.065460e+03
1.988890e-05
-5.567030e-07
7.490910e+02
-6.479190e-17
0.000000e+00
2.480910e+02
0.000000e+00
0.000000e+00
7.977390e+02
0.000000e+00
-1.951450e-10
2.812330e+00
-8.598760e-15
2.871500e-09
2.935700e-01
-2.429890e-15
1.387080e-07
-9.070770e+02
9.611090e-06
2.941500e-07
3.413550e+02
-2.546790e-17
0.000000e+00
4.195900e+02
0.000000e+00
0.000000e+00
8.968220e+02
0.000000e+00
3.151560e-13
-1.531280e-03
-9.242880e-18
6.514680e-11
1.788380e-03
9.153290e-18
4.206050e-10
-6.977010e-01
-3.151410e-09
-7.233070e-10
3.857370e-01
-6.670380e-21
0.000000e+00
-3.442990e-02
0.000000e+00
0.000000e+00
-8.220980e-02
0.000000e+00
5.051040e-13
-3.210620e-03
-3.362570e-10
-8.048810e-13
3.200990e-03
-2.608420e-10
-1.287020e-12
9.478020e-03
-1.580450e-10
1.704030e-11
-8.417910e-03
-3.454310e-22
0.000000e+00
2.559400e-04
0.000000e+00
0.000000e+00
-5.354920e-03
0.000000e+00
5.328730e-13
-4.733900e-03
-2.690980e-10
-2.414280e-12
2.085790e-04
-3.347480e-10
8.974110e-13
7.741190e-03
-7.843520e-11
8.862970e-12
-5.562040e-03
1.494880e-21
0.000000e+00
-2.556390e-05
0.000000e+00
0.000000e+00
-3.758030e-03
0.000000e+00
-4.012140e-07
2.719160e+03
-8.285240e-03
1.463300e-06
-9.281270e+03
-1.388760e-05
-8.481150e-07
6.686970e+03
-1.507720e-04
4.312550e-04
1.021780e+05
-8.743010e-17
0.000000e+00
-1.939850e+05
0.000000e+00
0.000000e+00
2.630080e+05
0.000000e+00
5.393750e-13
-6.622560e-04
-3.366370e-10
9.531310e-13
1.064080e-03
-5.645900e-10
-1.682620e-12
5.870000e-03
-1.774250e-10
3.769480e-12
-3.193960e-03
-8.300760e-22
0.000000e+00
-9.193860e-05
0.000000e+00
0.000000e+00
-5.139630e-03
0.000000e+00
2.254610e-11
-2.810420e-04
1.191580e-17
-3.949470e-11
1.430250e-01
-1.316720e-09
8.852100e-10
-5.008910e-01
-1.845760e-09
8.191070e-12
1.471540e-02
-1.028800e-23
0.000000e+00
-2.391210e-02
0.000000e+00
0.000000e+00
-1.296250e-01
0.000000e+00
4.406550e-08
-3.452150e+00
5.383730e-14
-1.411150e-07
1.623100e+02
-1.288700e-06
1.746720e-06
-1.142970e+03
-3.309700e-06
2.382530e-07
5.519960e+02
-2.807400e-19
0.000000e+00
2.589990e+02
0.000000e+00
0.000000e+00
7.947660e+02
0.000000e+00
1.666550e-08
2.862470e+00
-2.349510e-14
-1.942490e-08
9.522970e+01
-2.321070e-07
1.091870e-06
-9.471550e+02
-4.138670e-06
2.159420e-07
5.656140e+02
4.112720e-19
0.000000e+00
4.277970e+02
0.000000e+00
0.000000e+00
8.940620e+02
0.000000e+00
7.717760e-11
-1.453030e-03
4.656470e-17
-1.321480e-10
2.006390e-01
-1.964170e-09
7.916000e-10
-7.174220e-01
-3.849470e-09
1.075570e-12
2.059120e-03
1.746590e-23
0.000000e+00
-3.042550e-02
0.000000e+00
0.000000e+00
-8.187240e-02
0.000000e+00
-7.260670e-13
-4.868920e-03
-3.364240e-10
-7.345090e-12
-2.386390e-04
-1.002890e-10
-1.322370e-11
7.610190e-03
1.202820e-12
-1.948350e-12
-4.741060e-03
2.611900e-25
0.000000e+00
3.108180e-04
0.000000e+00
0.000000e+00
-5.321610e-03
0.000000e+00
-2.373840e-12
-6.358340e-03
-3.752920e-10
2.247270e-13
-3.254980e-03
-9.082210e-11
-1.472150e-11
5.620810e-03
-8.128580e-12
-1.279500e-12
-2.496810e-03
-4.502180e-25
0.000000e+00
2.466360e-05
0.000000e+00
0.000000e+00
-3.735020e-03
0.000000e+00
-6.161980e-07
2.941830e+03
2.625930e-05
2.803690e-06
-9.536440e+03
-6.350910e-05
6.850210e-05
6.327900e+03
-6.267270e-05
5.697280e-05
1.772720e+05
2.868550e-19
0.000000e+00
-2.011450e+05
0.000000e+00
0.000000e+00
2.562530e+05
0.000000e+00
-6.545490e-12
-1.936610e-03
-5.555290e-10
2.383950e-12
-1.975160e-03
-1.112110e-10
-8.935220e-12
3.894460e-03
-2.834920e-12
-1.105170e-12
-3.072220e-03
1.916830e-25
0.000000e+00
-3.294270e-05
0.000000e+00
0.000000e+00
-5.109010e-03
0.000000e+00
-2.494010e-11
2.273510e-02
-3.698940e-10
-5.691040e-11
1.468810e-01
1.118400e-10
-2.054530e-10
-4.111550e-01
-8.576210e-22
0.000000e+00
1.132230e-02
0.000000e+00
0.000000e+00
-2.115010e-02
0.000000e+00
0.000000e+00
-1.282340e-01
0.000000e+00
-4.916260e-08
3.993950e+01
-6.798040e-07
-5.366040e-08
1.783320e+02
5.988890e-08
-5.403590e-08
-6.504120e+02
-2.634610e-18
0.000000e+00
5.554850e+02
0.000000e+00
0.000000e+00
2.702690e+02
0.000000e+00
0.000000e+00
7.875490e+02
0.000000e+00
-2.033620e-08
2.294450e+01
-3.512310e-07
-4.797100e-08
1.103110e+02
7.084250e-08
3.020520e-07
-5.262380e+02
8.196570e-18
0.000000e+00
5.708950e+02
0.000000e+00
0.000000e+00
4.346620e+02
0.000000e+00
0.000000e+00
8.871490e+02
0.000000e+00
-8.367180e-11
5.103290e-02
-9.629360e-10
-4.844350e-11
2.034820e-01
1.864010e-10
2.259020e-11
-5.648930e-01
-1.905820e-22
0.000000e+00
-4.103660e-04
0.000000e+00
0.000000e+00
-2.783860e-02
0.000000e+00
0.000000e+00
-8.112710e-02
0.000000e+00
4.029770e-12
-9.375330e-03
-2.631530e-11
1.052480e-11
-2.916180e-03
-3.997390e-13
4.904160e-12
4.235630e-03
8.002970e-24
0.000000e+00
-4.749840e-03
0.000000e+00
0.000000e+00
2.782540e-04
0.000000e+00
0.000000e+00
-5.252190e-03
0.000000e+00
6.991370e-12
-1.066750e-02
-1.789180e-11
7.793020e-12
-5.853350e-03
-1.220770e-12
8.528340e-12
3.634610e-03
-6.960720e-23
0.000000e+00
-2.517240e-03
0.000000e+00
0.000000e+00
2.014610e-05
0.000000e+00
0.000000e+00
-3.687370e-03
0.000000e+00
-9.148830e-07
2.986800e+03
2.883480e-05
2.905910e-06
-9.352270e+03
-2.153010e-06
4.443910e-05
1.294230e+04
-1.777450e-17
0.000000e+00
1.834380e+05
0.000000e+00
0.000000e+00
-2.020720e+05
0.000000e+00
0.000000e+00
2.468970e+05
0.000000e+00
9.424760e-12
-6.431100e-03
-1.357010e-11
2.366410e-12
-4.504090e-03
-4.057290e-13
3.457090e-12
1.737160e-03
1.139960e-23
0.000000e+00
-3.111110e-03
0.000000e+00
0.000000e+00
-4.479990e-05
0.000000e+00
0.000000e+00
-5.045180e-03
0.000000e+00
1.036500e-10
-7.327760e-01
1.197260e-08
-8.803430e-10
5.920780e-01
-9.988390e-09
-1.735320e-09
6.507950e-01
2.858740e-22
0.000000e+00
8.552560e-02
0.000000e+00
0.000000e+00
-1.714440e-01
0.000000e+00
0.000000e+00
2.417630e-02
0.000000e+00
-6.743120e-10
4.564430e+00
-6.860910e-08
9.517080e-10
-6.404800e+00
-1.870280e-08
-8.138250e-09
5.026680e+00
3.049320e-21
0.000000e+00
-2.095860e+00
0.000000e+00
0.000000e+00
1.562220e+00
0.000000e+00
0.000000e+00
1.274710e-01
0.000000e+00
5.452760e-11
-6.814000e-01
9.728240e-09
-3.018960e-10
8.841740e-01
-5.632190e-09
-9.186750e-10
5.404680e-01
5.717470e-22
0.000000e+00
1.470360e-01
0.000000e+00
0.000000e+00
-1.772230e-01
0.000000e+00
0.000000e+00
-1.318010e-02
0.000000e+00
1.000170e-10
-8.109070e-01
1.241530e-08
-4.283440e-10
8.413900e-01
-6.675660e-09
-1.716560e-09
8.359650e-01
3.811650e-22
0.000000e+00
1.195830e-01
0.000000e+00
0.000000e+00
-1.856280e-01
0.000000e+00
0.000000e+00
4.659440e-03
0.000000e+00
-7.298660e-12
3.245270e-02
-5.883410e-10
-6.929370e-13
-3.509950e-02
-4.788820e-10
8.778400e-12
-3.571170e-04
4.541220e-23
0.000000e+00
9.066650e-03
0.000000e+00
0.000000e+00
-1.387690e-02
0.000000e+00
0.000000e+00
5.288830e-03
0.000000e+00
-1.636840e-11
-1.437810e-03
-1.196870e-10
-7.584380e-11
3.296780e-03
-6.556880e-10
1.088490e-11
-4.768230e-03
-1.488930e-24
0.000000e+00
1.798940e-02
0.000000e+00
0.000000e+00
-2.470610e-02
0.000000e+00
0.000000e+00
8.324320e-03
0.000000e+00
7.507980e-08
3.495680e+02
-4.305750e-06
-2.385930e-06
-8.042160e+02
1.072650e-06
-6.884580e-05
-5.917430e+04
-4.337660e-18
0.000000e+00
-6.661060e+04
0.000000e+00
0.000000e+00
-6.357880e+03
0.000000e+00
0.000000e+00
-1.617180e+05
0.000000e+00
-1.790190e-11
2.587720e-01
-3.991270e-09
3.410740e-10
-4.101410e-01
-7.882440e-11
1.882250e-11
2.522920e-03
5.657920e-23
0.000000e+00
1.371980e-02
0.000000e+00
0.000000e+00
-1.435270e-02
0.000000e+00
0.000000e+00
3.019540e-03
0.000000e+00
2.022010e-10
-9.890190e-01
-2.391330e-08
1.197970e-09
-5.651210e-01
-8.309390e-20
0.000000e+00
3.108660e-01
0.000000e+00
0.000000e+00
9.284260e-02
0.000000e+00
0.000000e+00
-1.623880e-01
0.000000e+00
0.000000e+00
2.299670e-02
0.000000e+00
-2.019920e-09
5.905090e+00
2.712230e-08
2.325880e-08
-7.604830e+00
-1.158740e-19
0.000000e+00
2.856590e+00
0.000000e+00
0.000000e+00
-2.210010e+00
0.000000e+00
0.000000e+00
1.470660e+00
0.000000e+00
0.000000e+00
1.321570e-01
0.000000e+00
8.501550e-11
-9.126590e-01
-2.012750e-08
4.584420e-10
-1.787920e-01
-7.623300e-22
0.000000e+00
1.447250e-01
0.000000e+00
0.000000e+00
1.569450e-01
0.000000e+00
0.000000e+00
-1.659760e-01
0.000000e+00
0.000000e+00
-1.372500e-02
0.000000e+00
1.739460e-10
-1.125570e+00
-2.489050e-08
6.814410e-10
-3.747180e-01
-1.877240e-20
0.000000e+00
2.876560e-01
0.000000e+00
0.000000e+00
1.284970e-01
0.000000e+00
0.000000e+00
-1.747160e-01
0.000000e+00
0.000000e+00
3.762640e-03
0.000000e+00
-1.145840e-10
2.380630e-02
-1.702290e-09
1.090570e-10
-3.941010e-02
-1.060110e-21
0.000000e+00
-1.079580e-03
0.000000e+00
0.000000e+00
9.638820e-03
0.000000e+00
0.000000e+00
-1.336390e-02
0.000000e+00
0.000000e+00
5.135440e-03
0.000000e+00
-4.372410e-11
-2.589700e-02
-1.264530e-09
1.673740e-10
-3.716100e-02
1.596130e-21
0.000000e+00
-5.771860e-03
0.000000e+00
0.000000e+00
1.896110e-02
0.000000e+00
0.000000e+00
-2.374420e-02
0.000000e+00
0.000000e+00
8.069250e-03
0.000000e+00
-3.844380e-07
5.563370e+02
5.866720e-07
-2.011160e-06
-2.875630e+03
-1.706090e-18
0.000000e+00
-6.188630e+04
0.000000e+00
0.000000e+00
-7.051030e+04
0.000000e+00
0.000000e+00
4.231600e+03
0.000000e+00
0.000000e+00
-1.595410e+05
0.000000e+00
-2.020700e-10
3.247060e-01
-2.499510e-09
-5.151420e-11
-9.232280e-02
-1.109250e-22
0.000000e+00
2.979260e-03
0.000000e+00
0.000000e+00
1.420340e-02
0.000000e+00
0.000000e+00
-1.378430e-02
0.000000e+00
0.000000e+00
2.903390e-03
0.000000e+00
8.987280e-10
-1.781220e+00
1.372190e-20
7.063770e-10
-4.127850e-01
-2.043040e-19
0.000000e+00
2.909150e-01
0.000000e+00
0.000000e+00
9.330870e-02
0.000000e+00
0.000000e+00
-1.547490e-01
0.000000e+00
0.000000e+00
2.106210e-02
0.000000e+00
-1.142800e-09
3.062250e+00
1.524660e-21
-2.462210e-08
4.170820e+00
-4.122570e-09
0.000000e+00
2.864750e+00
0.000000e+00
0.000000e+00
-2.115420e+00
0.000000e+00
0.000000e+00
1.392010e+00
0.000000e+00
0.000000e+00
1.418660e-01
0.000000e+00
8.040460e-10
-1.760410e+00
2.020170e-20
1.347490e-10
-1.288100e-01
-4.316690e-20
0.000000e+00
1.319360e-01
0.000000e+00
0.000000e+00
1.533380e-01
0.000000e+00
0.000000e+00
-1.574300e-01
0.000000e+00
0.000000e+00
-1.484880e-02
0.000000e+00
9.414390e-10
-1.945340e+00
-1.600890e-20
4.122530e-10
-2.612410e-01
1.219730e-20
0.000000e+00
2.688710e-01
0.000000e+00
0.000000e+00
1.273440e-01
0.000000e+00
0.000000e+00
-1.661060e-01
0.000000e+00
0.000000e+00
2.161840e-03
0.000000e+00
1.812320e-10
-1.069780e-01
-1.596130e-21
0.000000e+00
-3.657890e-02
0.000000e+00
0.000000e+00
-1.865770e-03
0.000000e+00
0.000000e+00
9.434040e-03
0.000000e+00
0.000000e+00
-1.276740e-02
0.000000e+00
0.000000e+00
4.903830e-03
0.000000e+00
1.227910e-10
-9.569970e-02
-5.360130e-22
0.000000e+00
-3.405190e-02
0.000000e+00
0.000000e+00
-6.778460e-03
0.000000e+00
0.000000e+00
1.848970e-02
0.000000e+00
0.000000e+00
-2.266470e-02
0.000000e+00
0.000000e+00
7.680520e-03
0.000000e+00
-1.862870e-08
8.627270e+01
-1.463670e-19
0.000000e+00
-2.527710e+03
0.000000e+00
0.000000e+00
-6.205260e+04
0.000000e+00
0.000000e+00
-7.100330e+04
0.000000e+00
0.000000e+00
-2.850860e+03
0.000000e+00
0.000000e+00
-1.559380e+05
0.000000e+00
2.517930e-10
-1.902070e-01
8.814440e-22
0.000000e+00
-8.786520e-02
0.000000e+00
0.000000e+00
1.592810e-03
0.000000e+00
0.000000e+00
1.384870e-02
0.000000e+00
0.000000e+00
-1.314410e-02
0.000000e+00
0.000000e+00
2.719120e-03
0.000000e+00
0.000000e+00
3.992544e-320
4.763340e-09
-1.051750e-14
5.744150e-05
4.332800e-09
2.347540e-13
5.201670e-05
-4.304030e-05
1.604070e-13
-6.532090e-03
4.279520e-07
2.240050e-13
6.558080e-05
6.291500e-09
1.851980e-12
9.298540e-07
0.000000e+00
3.287800e-10
0.000000e+00
5.164560e-09
8.402910e-17
6.227990e-05
5.049170e-09
8.527480e-17
6.061720e-05
6.896190e-03
4.305840e-05
1.075600e+00
1.050550e-09
2.393280e-12
1.362680e-06
5.066910e-09
3.300870e-12
7.488660e-07
0.000000e+00
3.287580e-10
0.000000e+00
4.803180e-09
2.668960e-16
5.792200e-05
4.239090e-09
-1.838310e-14
5.089150e-05
6.470900e-03
9.447780e-06
1.009340e+00
2.928920e-07
1.850110e-13
4.562270e-05
3.084990e-09
8.588450e-12
4.559470e-07
0.000000e+00
3.286820e-10
0.000000e+00
4.797510e-09
2.037810e-14
5.785360e-05
4.947660e-09
-3.218450e-17
5.939880e-05
-4.870460e-05
4.545620e-13
-7.391850e-03
1.872180e-07
4.748800e-13
2.962990e-05
5.299090e-09
2.973390e-12
7.831800e-07
0.000000e+00
3.287630e-10
0.000000e+00
-2.704390e-07
8.446040e-14
-3.956280e-05
-2.198020e-07
4.612440e-14
-3.169320e-05
-2.583480e-07
1.554360e-13
-3.671730e-05
-1.114070e-07
1.149770e-13
-1.559840e-05
1.542280e-09
5.022670e-12
2.155980e-07
0.000000e+00
3.287190e-10
0.000000e+00
-3.022880e-07
4.682150e-14
-4.422250e-05
-1.528880e-07
6.256370e-13
-2.204480e-05
-2.942690e-07
4.265710e-13
-4.182500e-05
-1.632870e-07
1.062430e-12
-2.286850e-05
1.424300e-09
5.811460e-12
1.991070e-07
0.000000e+00
3.287070e-10
0.000000e+00
-1.806860e-07
1.754120e-13
-1.093810e+00
-1.807320e-07
1.832050e-14
-2.605830e-05
-2.065170e-07
8.644580e-13
-2.935150e-05
-8.568470e-08
8.236800e-13
-1.199720e-05
1.842210e-09
3.423140e-12
2.575280e-07
0.000000e+00
3.287420e-10
0.000000e+00
-2.509170e-07
2.473440e-13
-3.670720e-05
-2.721150e-07
7.369350e-13
-3.924000e-05
-2.253650e-07
6.768890e-14
-3.202850e-05
-1.036910e-07
7.102900e-13
-1.451950e-05
1.200890e-09
7.813750e-12
1.678760e-07
0.000000e+00
3.286780e-10
0.000000e+00
-6.955600e-10
2.806120e-14
-8.569840e-06
-4.474110e-09
-2.281130e-13
-5.371740e-05
4.216620e-05
5.082040e-13
6.400290e-03
2.760310e-07
4.142790e-12
4.093120e-05
0.000000e+00
2.659680e-10
0.000000e+00
0.000000e+00
-7.044330e-11
0.000000e+00
-1.486600e-09
1.715020e-13
-1.809100e-05
-5.189140e-09
5.090100e-13
-6.230220e-05
3.161690e-05
9.405800e-13
4.799500e-03
4.011700e-07
-5.100120e-13
5.948760e-05
0.000000e+00
2.645530e-10
0.000000e+00
0.000000e+00
-7.044330e-11
0.000000e+00
-5.200520e-10
0.000000e+00
-6.463150e-06
-4.384840e-09
1.042260e-13
-5.264580e-05
4.674060e-05
1.691460e-13
7.095050e-03
4.402760e-07
1.231660e-12
6.528630e-05
0.000000e+00
2.593830e-10
0.000000e+00
0.000000e+00
-7.044330e-11
0.000000e+00
-1.208500e-09
2.592350e-13
-1.473360e-05
-5.080800e-09
2.978130e-13
-6.100140e-05
4.783150e-05
-8.285690e-14
7.260400e-03
4.356530e-07
9.987580e-13
6.460090e-05
0.000000e+00
2.649110e-10
0.000000e+00
0.000000e+00
-7.044330e-11
0.000000e+00
1.132410e-07
-7.100110e-14
1.684080e-05
7.462190e-08
7.128060e-14
1.102790e-05
1.794590e-07
2.042780e-14
2.566000e-05
1.156710e-07
3.275260e-12
1.620360e-05
0.000000e+00
2.628630e-10
0.000000e+00
0.000000e+00
-7.033400e-11
0.000000e+00
1.731770e-07
-4.478540e-14
2.556090e-05
-2.577370e-08
1.895400e-13
-3.394590e-06
2.363420e-07
-3.847210e-13
3.371180e-05
1.670370e-07
2.472060e-13
2.339900e-05
0.000000e+00
2.621090e-10
0.000000e+00
0.000000e+00
-7.033400e-11
0.000000e+00
5.433000e-08
2.661430e-13
-5.899750e-01
1.153440e-08
3.488970e-13
1.972720e-06
1.520410e-07
-2.608340e-13
2.171730e-05
8.806640e-08
4.862490e-12
1.233660e-05
0.000000e+00
2.643870e-10
0.000000e+00
0.000000e+00
-7.033400e-11
0.000000e+00
1.404850e-07
-2.014910e-13
2.074560e-05
-1.090140e-08
-7.204150e-13
-1.062830e-06
1.425810e-07
3.054520e-13
2.042580e-05
1.071040e-07
3.284510e-12
1.500350e-05
0.000000e+00
2.600930e-10
0.000000e+00
0.000000e+00
-7.033400e-11
0.000000e+00
-3.926480e-09
6.333750e-13
-4.717100e-05
-1.410790e-07
1.363150e-12
-2.105720e-05
1.568300e-07
4.961930e-12
2.335920e-05
0.000000e+00
1.984950e-10
0.000000e+00
0.000000e+00
-4.345450e-11
0.000000e+00
0.000000e+00
-4.706240e-11
0.000000e+00
-3.537990e-09
5.111340e-13
-4.250390e-05
-2.475860e-07
9.513580e-13
-3.695430e-05
2.732740e-07
4.132220e-13
4.066680e-05
0.000000e+00
2.053780e-10
0.000000e+00
0.000000e+00
-4.351820e-11
0.000000e+00
0.000000e+00
-4.706240e-11
0.000000e+00
-4.137370e-09
5.789250e-13
-4.970460e-05
-2.131160e-07
4.969360e-13
-3.180880e-05
3.190230e-07
1.035200e-12
4.747820e-05
0.000000e+00
2.075970e-10
0.000000e+00
0.000000e+00
-4.354360e-11
0.000000e+00
0.000000e+00
-4.706240e-11
0.000000e+00
-3.455870e-09
7.231540e-13
-4.151740e-05
-2.924650e-07
2.231060e-13
-4.365330e-05
2.358530e-07
2.337640e-12
3.512540e-05
0.000000e+00
2.025880e-10
0.000000e+00
0.000000e+00
-4.347200e-11
0.000000e+00
0.000000e+00
-4.706240e-11
0.000000e+00
-5.846310e-08
2.415770e-13
-8.076670e-06
6.882660e-08
2.196440e-12
9.940350e-06
8.187370e-08
3.128630e-12
1.149470e-05
0.000000e+00
2.042130e-10
0.000000e+00
0.000000e+00
-4.339360e-11
0.000000e+00
0.000000e+00
-4.723690e-11
0.000000e+00
-6.480970e-08
5.990500e-13
-9.028610e-06
1.169860e-07
6.086690e-13
1.677080e-05
5.997960e-08
5.329300e-12
8.424010e-06
0.000000e+00
2.025690e-10
0.000000e+00
0.000000e+00
-4.334040e-11
0.000000e+00
0.000000e+00
-4.723690e-11
0.000000e+00
-4.275990e-08
2.465590e-13
-5.889410e-06
9.879500e-08
1.161360e-12
1.420210e-05
5.484090e-08
5.514560e-12
7.703380e-06
0.000000e+00
2.051480e-10
0.000000e+00
0.000000e+00
-4.344050e-11
0.000000e+00
0.000000e+00
-9.702000e-02
0.000000e+00
-2.241420e-07
1.062990e-12
-3.180670e-05
2.132680e-07
1.856950e-13
3.050670e-05
8.657100e-08
2.594100e-12
1.215430e-05
0.000000e+00
2.054820e-10
0.000000e+00
0.000000e+00
-4.342040e-11
0.000000e+00
0.000000e+00
-4.723690e-11
0.000000e+00
-2.046070e-09
-6.360590e-13
-3.054070e-07
1.409870e-07
-1.281570e-12
2.104490e-05
9.048300e-09
-4.947430e-12
1.319020e-06
0.000000e+00
-1.973970e-10
0.000000e+00
0.000000e+00
-2.192970e-10
0.000000e+00
0.000000e+00
-2.225930e-10
0.000000e+00
-3.593260e-09
-6.597490e-13
-5.363490e-07
2.477770e-07
-1.427500e-12
3.698460e-05
3.492530e-09
-1.187550e-12
5.091240e-07
0.000000e+00
-2.019970e-10
0.000000e+00
0.000000e+00
-2.192970e-10
0.000000e+00
0.000000e+00
-2.225930e-10
0.000000e+00
-3.077660e-09
-5.675990e-13
-4.593880e-07
2.121910e-07
-5.405960e-13
3.167290e-05
5.244620e-09
-6.125420e-13
7.645350e-07
0.000000e+00
-2.036050e-10
0.000000e+00
0.000000e+00
-2.192970e-10
0.000000e+00
0.000000e+00
-2.225930e-10
0.000000e+00
-4.258660e-09
-9.718690e-13
-6.356700e-07
2.935430e-07
-5.227260e-13
4.381630e-05
1.225200e-08
-2.081110e-12
1.786040e-06
0.000000e+00
-1.984990e-10
0.000000e+00
0.000000e+00
-2.192970e-10
0.000000e+00
0.000000e+00
-2.225930e-10
0.000000e+00
2.056320e-07
-2.355140e-13
2.935310e-05
7.655840e-08
-2.258010e-12
1.076910e-05
1.033290e-09
-2.298940e-12
1.432070e-07
0.000000e+00
-2.023830e-10
0.000000e+00
0.000000e+00
-2.194280e-10
0.000000e+00
0.000000e+00
-2.225130e-10
0.000000e+00
1.858390e-07
-5.721720e-13
2.652750e-05
5.999730e-08
-1.345780e-12
8.439560e-06
2.534410e-09
-4.626640e-12
3.512530e-07
0.000000e+00
-1.985070e-10
0.000000e+00
0.000000e+00
-2.194280e-10
0.000000e+00
0.000000e+00
-2.225130e-10
0.000000e+00
1.591510e-07
-6.387650e-13
2.271860e-05
7.284140e-08
-1.504740e-12
1.024630e-05
2.937430e-09
-5.351560e-12
4.071100e-07
0.000000e+00
-2.052740e-10
0.000000e+00
0.000000e+00
-2.194280e-10
0.000000e+00
0.000000e+00
-9.702760e-02
0.000000e+00
3.231830e-07
-1.086710e-12
4.613170e-05
7.161410e-08
-1.650000e-13
1.007360e-05
1.123270e-09
-1.975560e-12
1.556790e-07
0.000000e+00
-2.041800e-10
0.000000e+00
0.000000e+00
-2.194280e-10
0.000000e+00
0.000000e+00
-2.225130e-10
0.000000e+00
-9.226290e-08
3.353430e-14
-1.303210e-05
-2.998160e-06
4.665650e-13
-4.141300e-04
1.340960e-07
3.592040e-12
1.852320e-05
0.000000e+00
7.631290e-11
0.000000e+00
0.000000e+00
7.327690e-11
0.000000e+00
0.000000e+00
7.001790e-11
0.000000e+00
-1.242130e-07
1.158310e-13
-1.754470e-05
-1.978540e-06
1.329610e-13
-2.732780e-04
2.054090e-07
2.095430e-12
2.837390e-05
0.000000e+00
7.637680e-11
0.000000e+00
0.000000e+00
7.327690e-11
0.000000e+00
0.000000e+00
7.001790e-11
0.000000e+00
-1.215870e-07
3.798890e-13
-1.717290e-05
-1.256020e-06
8.550430e-14
-1.734720e-04
2.626110e-07
1.407260e-12
3.627550e-05
0.000000e+00
7.640600e-11
0.000000e+00
0.000000e+00
7.327690e-11
0.000000e+00
0.000000e+00
7.001790e-11
0.000000e+00
-9.677680e-08
1.483790e-13
-1.366750e-05
-2.040940e-06
1.538420e-13
-2.818980e-04
2.153690e-07
1.948920e-12
2.974980e-05
0.000000e+00
7.638300e-11
0.000000e+00
0.000000e+00
7.327690e-11
0.000000e+00
0.000000e+00
7.001790e-11
0.000000e+00
-4.729520e-08
1.011520e-13
-6.680740e-06
-3.481820e-08
2.130850e-12
-4.800990e-06
2.988070e-09
2.684340e-11
4.127550e-07
0.000000e+00
7.532710e-11
0.000000e+00
0.000000e+00
7.327690e-11
0.000000e+00
0.000000e+00
7.001790e-11
0.000000e+00
-5.094060e-08
5.003130e-13
-7.194720e-06
-5.163350e-08
1.254180e-12
-7.120620e-06
5.743770e-09
2.254830e-11
7.934100e-07
0.000000e+00
7.551020e-11
0.000000e+00
0.000000e+00
7.327690e-11
0.000000e+00
0.000000e+00
7.001790e-11
0.000000e+00
-5.737140e-08
6.784010e-13
-8.101240e-06
1.404440e-09
4.837940e-13
2.117070e-07
3.222340e-09
2.635580e-11
4.451140e-07
0.000000e+00
7.535060e-11
0.000000e+00
0.000000e+00
7.327690e-11
0.000000e+00
0.000000e+00
5.222540e-02
0.000000e+00
-8.197670e-08
7.350840e-13
-1.157920e-05
1.169450e-09
6.133660e-13
1.776430e-07
3.875050e-09
2.525870e-11
5.352770e-07
0.000000e+00
7.539670e-11
0.000000e+00
0.000000e+00
7.327690e-11
0.000000e+00
0.000000e+00
7.001790e-11
0.000000e+00
-2.176390e-06
8.372020e-14
-3.003650e-04
2.894410e-06
6.640320e-14
3.998160e-04
0.000000e+00
4.112430e-11
0.000000e+00
0.000000e+00
-2.927110e-11
0.000000e+00
0.000000e+00
-2.930990e-11
0.000000e+00
0.000000e+00
-2.993730e-11
0.000000e+00
-1.512940e-06
-7.043720e-14
-2.086270e-04
1.609330e-05
9.280840e-13
2.223030e-03
0.000000e+00
4.256310e-11
0.000000e+00
0.000000e+00
-2.927110e-11
0.000000e+00
0.000000e+00
-2.930990e-11
0.000000e+00
0.000000e+00
-2.993730e-11
0.000000e+00
-2.047530e-06
-3.165820e-13
-2.824830e-04
1.013170e-06
1.942770e-12
1.399530e-04
0.000000e+00
4.320950e-11
0.000000e+00
0.000000e+00
-2.927110e-11
0.000000e+00
0.000000e+00
-2.930990e-11
0.000000e+00
0.000000e+00
-2.993730e-11
0.000000e+00
-2.368520e-06
-3.223020e-14
-3.268990e-04
1.850700e-06
8.672570e-13
2.556440e-04
0.000000e+00
4.270310e-11
0.000000e+00
0.000000e+00
-2.927110e-11
0.000000e+00
0.000000e+00
-2.930990e-11
0.000000e+00
0.000000e+00
-2.993730e-11
0.000000e+00
-3.578900e-08
4.127670e-13
-4.804610e-06
3.584050e-08
1.029270e-11
4.950790e-06
0.000000e+00
1.861680e-11
0.000000e+00
0.000000e+00
-2.927110e-11
0.000000e+00
0.000000e+00
-2.930990e-11
0.000000e+00
0.000000e+00
-2.993730e-11
0.000000e+00
-1.116240e-08
-7.817680e-15
-1.395540e-06
5.137770e-08
9.816150e-12
7.097010e-06
0.000000e+00
2.278400e-11
0.000000e+00
0.000000e+00
-2.927110e-11
0.000000e+00
0.000000e+00
-2.930990e-11
0.000000e+00
0.000000e+00
-2.993730e-11
0.000000e+00
-3.654010e-08
-2.424390e-13
-4.888830e-06
3.091080e-09
2.010350e-11
4.269830e-07
0.000000e+00
1.902980e-11
0.000000e+00
0.000000e+00
-2.927110e-11
0.000000e+00
0.000000e+00
-2.930990e-11
0.000000e+00
0.000000e+00
5.222360e-02
0.000000e+00
-9.869840e-08
-5.424980e-13
-1.339420e-05
1.968570e-09
2.160180e-11
2.719260e-07
0.000000e+00
2.005170e-11
0.000000e+00
0.000000e+00
-2.927110e-11
0.000000e+00
0.000000e+00
-2.930990e-11
0.000000e+00
0.000000e+00
-2.993730e-11
0.000000e+00
2.238320e-06
-1.095500e-13
3.091890e-04
-1.209720e-11
1.121860e-13
-1.671030e-09
0.000000e+00
-4.392330e-11
0.000000e+00
0.000000e+00
-4.396180e-11
0.000000e+00
0.000000e+00
-4.396570e-11
0.000000e+00
0.000000e+00
-4.460790e-11
0.000000e+00
1.721730e-06
-3.139420e-14
2.378290e-04
-1.440470e-05
-4.073430e-13
-1.989790e-03
0.000000e+00
-4.394420e-11
0.000000e+00
0.000000e+00
-4.396180e-11
0.000000e+00
0.000000e+00
-4.396570e-11
0.000000e+00
0.000000e+00
-4.460790e-11
0.000000e+00
2.149360e-06
-4.161810e-14
2.969000e-04
-4.373070e-12
-1.399050e-12
-6.040700e-10
0.000000e+00
-4.391480e-11
0.000000e+00
0.000000e+00
-4.396180e-11
0.000000e+00
0.000000e+00
-4.396570e-11
0.000000e+00
0.000000e+00
-4.460790e-11
0.000000e+00
2.440180e-06
-1.044380e-13
3.370710e-04
-7.837310e-12
-3.664330e-13
-1.082600e-09
0.000000e+00
-4.394250e-11
0.000000e+00
0.000000e+00
-4.396180e-11
0.000000e+00
0.000000e+00
-4.396570e-11
0.000000e+00
0.000000e+00
-4.460790e-11
0.000000e+00
7.907390e-08
-3.904180e-13
1.092280e-05
0.000000e+00
-1.163130e-11
0.000000e+00
0.000000e+00
-4.394420e-11
0.000000e+00
0.000000e+00
-4.396180e-11
0.000000e+00
0.000000e+00
-4.396570e-11
0.000000e+00
0.000000e+00
-4.460790e-11
0.000000e+00
5.661500e-08
-3.365070e-13
7.820460e-06
0.000000e+00
-1.036580e-11
0.000000e+00
0.000000e+00
-4.394420e-11
0.000000e+00
0.000000e+00
-4.396180e-11
0.000000e+00
0.000000e+00
-4.396570e-11
0.000000e+00
0.000000e+00
-4.460790e-11
0.000000e+00
8.619360e-08
-2.944250e-13
1.190630e-05
0.000000e+00
-1.976200e-11
0.000000e+00
0.000000e+00
-4.394420e-11
0.000000e+00
0.000000e+00
-4.396180e-11
0.000000e+00
0.000000e+00
4.479560e-02
0.000000e+00
0.000000e+00
-4.460790e-11
0.000000e+00
1.736620e-07
-8.397970e-14
2.398860e-05
0.000000e+00
-2.132780e-11
0.000000e+00
0.000000e+00
-4.394420e-11
0.000000e+00
0.000000e+00
-4.396180e-11
0.000000e+00
0.000000e+00
-4.396570e-11
