1.028640e-10
-2.271260e-16
1.240450e-06
7.019520e-11
-7.099180e-15
8.414600e-07
-9.294560e-07
8.339440e-14
-1.410610e-04
-1.799750e-08
-2.732600e-11
-2.704660e-06
5.294760e-09
1.172900e-11
7.825400e-07
0.000000e+00
2.572720e-11
0.000000e+00
1.115290e-10
-1.202400e-14
1.344940e-06
-3.187980e-08
-3.995570e-14
-3.844470e-04
2.143120e-03
1.332320e-05
3.342240e-01
1.441550e-05
1.265380e-07
2.180870e-03
6.195530e-05
1.851960e-06
9.156700e-03
0.000000e+00
-4.232120e-08
0.000000e+00
1.037250e-10
5.763640e-18
1.250830e-06
1.252520e-08
3.646330e-12
1.510380e-04
2.716140e-03
3.938040e-06
4.235870e-01
5.929860e-05
8.385130e-08
8.971020e-03
3.520960e-05
1.354550e-07
5.203810e-03
0.000000e+00
-2.505500e-07
0.000000e+00
1.036020e-10
4.400660e-16
1.249350e-06
8.976970e-11
-5.553980e-15
1.076810e-06
-1.051780e-06
9.958040e-15
-1.596270e-04
-2.043650e-08
-7.739440e-11
-3.063530e-06
8.168750e-09
4.614700e-11
1.207300e-06
0.000000e+00
3.592480e-11
0.000000e+00
-5.840140e-09
1.823930e-15
-8.543600e-07
-4.592750e-09
6.791830e-14
-6.619460e-07
-5.510550e-09
2.257490e-14
-7.830540e-07
-2.072790e-09
3.040280e-13
-2.896010e-07
-9.704150e-11
-1.288780e-13
-1.356570e-08
0.000000e+00
1.016160e-11
0.000000e+00
-6.527930e-09
1.011110e-15
-9.549870e-07
-3.097550e-09
8.496950e-14
-4.462620e-07
-6.026790e-09
1.445260e-12
-8.560080e-07
-3.245730e-09
1.086320e-12
-4.540580e-07
-4.759030e-11
-1.282690e-12
-6.652760e-09
0.000000e+00
9.897730e-12
0.000000e+00
-3.901920e-09
3.788030e-15
1.427520e-02
2.209500e-04
1.898440e-07
3.225960e-02
-1.407670e-04
-2.384180e-08
-2.026110e-02
1.250110e-04
8.785700e-07
1.773440e-02
-2.077410e-04
-2.258750e-06
-2.904070e-02
0.000000e+00
-1.159150e-04
0.000000e+00
-5.418570e-09
5.341410e-15
-7.926930e-07
-5.318260e-09
1.083930e-12
-7.659090e-07
-4.503110e-09
1.490660e-12
-6.393140e-07
-2.094650e-09
1.040170e-13
-2.930430e-07
-4.571150e-11
-8.479160e-13
-6.390120e-09
0.000000e+00
1.238430e-11
0.000000e+00
-1.924490e-11
-3.122510e-16
-2.360060e-07
-8.826120e-11
5.548680e-13
-1.059680e-06
9.229790e-07
1.586640e-11
1.400960e-04
4.980990e-09
-9.784770e-11
7.386070e-07
0.000000e+00
4.425890e-11
0.000000e+00
0.000000e+00
9.912060e-09
0.000000e+00
9.338420e-08
1.205420e-13
1.126130e-03
-2.761780e-08
-1.005250e-10
-3.317880e-04
6.437480e-05
5.392910e-07
9.770510e-03
7.228770e-07
-8.735320e-09
1.071920e-04
0.000000e+00
1.092180e-08
0.000000e+00
0.000000e+00
-8.005090e-06
0.000000e+00
-8.828100e-09
-4.135900e-25
-1.064630e-04
1.683520e-08
1.204740e-10
2.022310e-04
1.124410e-04
1.866930e-07
1.706570e-02
2.531940e-05
1.382400e-07
3.754490e-03
0.000000e+00
-2.188520e-07
0.000000e+00
0.000000e+00
-1.240200e-05
0.000000e+00
-1.818660e-11
8.171220e-15
-2.227740e-07
-1.024090e-10
4.956000e-12
-1.229500e-06
1.049880e-06
5.311270e-11
1.593620e-04
-1.990510e-09
-5.132750e-11
-2.951640e-07
0.000000e+00
5.148980e-12
0.000000e+00
0.000000e+00
6.828970e-09
0.000000e+00
3.851580e-09
5.730890e-13
5.693870e-07
2.428700e-09
4.083360e-13
3.560130e-07
3.425670e-09
-3.545610e-13
4.901930e-07
2.233060e-09
-9.121660e-13
3.128140e-07
0.000000e+00
5.629140e-12
0.000000e+00
0.000000e+00
3.224250e-10
0.000000e+00
4.958130e-09
2.446700e-13
7.302280e-07
4.322730e-10
8.264350e-12
6.931100e-08
4.357760e-09
-6.788570e-12
6.219520e-07
3.234080e-09
5.349380e-13
4.530400e-07
0.000000e+00
6.407290e-12
0.000000e+00
0.000000e+00
2.375330e-10
0.000000e+00
-2.373160e-04
-3.037380e-07
-1.674120e-02
2.612340e-04
5.713120e-07
3.767620e-02
-4.968300e-04
-2.989710e-06
-7.062620e-02
-2.278200e-03
-3.580240e-05
-3.191370e-01
0.000000e+00
8.715720e-05
0.000000e+00
0.000000e+00
-2.238990e-02
0.000000e+00
4.186980e-09
1.477890e-12
6.167090e-07
1.106600e-09
6.067010e-12
1.705990e-07
2.649880e-09
3.910460e-13
3.800890e-07
1.976360e-09
-2.191360e-12
2.768550e-07
0.000000e+00
6.114850e-12
0.000000e+00
0.000000e+00
3.033570e-10
0.000000e+00
-6.327060e-11
1.527670e-14
-7.601060e-07
-3.046620e-09
1.558510e-13
-4.547320e-07
8.567200e-09
1.453710e-10
1.275160e-06
-5.917880e-26
-3.501360e-10
-4.147710e-24
0.000000e+00
4.047020e-09
0.000000e+00
0.000000e+00
6.318710e-09
0.000000e+00
8.062530e-08
2.952660e-10
9.685980e-04
-5.346630e-09
1.150700e-09
-7.980300e-07
8.273010e-05
2.265300e-06
1.230820e-02
-1.117390e-21
2.307090e-08
-1.915350e-20
0.000000e+00
2.157580e-05
0.000000e+00
0.000000e+00
-4.842190e-06
0.000000e+00
-9.315960e-09
1.250190e-14
-1.119180e-04
-4.602240e-09
2.691580e-10
-6.869120e-07
8.232950e-05
5.344820e-07
1.224860e-02
3.216580e-23
2.957150e-08
-1.190410e-19
0.000000e+00
1.404910e-05
0.000000e+00
0.000000e+00
-7.702670e-06
0.000000e+00
-4.471190e-11
1.977900e-13
-5.371490e-07
-6.315790e-09
9.237380e-14
-9.426950e-07
1.821890e-08
1.042250e-10
2.711300e-06
6.470230e-26
-1.594480e-10
2.323970e-24
0.000000e+00
1.683830e-09
0.000000e+00
0.000000e+00
4.351980e-09
0.000000e+00
-1.195400e-09
1.224380e-14
-1.647180e-07
7.777190e-10
-4.352280e-12
1.137270e-07
9.681950e-10
-3.753790e-11
1.359480e-07
-2.867000e-27
8.754940e-13
-5.389180e-25
0.000000e+00
-6.962190e-11
0.000000e+00
0.000000e+00
2.033900e-10
0.000000e+00
-1.135920e-09
1.663920e-14
-1.568720e-07
1.785940e-09
-6.778530e-12
2.567050e-07
7.351860e-10
-2.003770e-11
1.032970e-07
1.604100e-27
-9.386310e-12
4.175440e-25
0.000000e+00
-3.780830e-12
0.000000e+00
0.000000e+00
1.506230e-10
0.000000e+00
-1.526320e-04
-7.193950e-07
-2.205760e-02
1.721670e-04
1.241330e-06
2.452430e-02
-1.531000e-04
-3.536850e-06
-2.149120e-02
1.040100e-20
-1.984480e-04
3.359480e-18
0.000000e+00
1.955730e-02
0.000000e+00
0.000000e+00
-1.462680e-02
0.000000e+00
-4.443260e-09
2.305370e-13
-6.294810e-07
3.096490e-09
-1.852360e-11
4.438390e-07
1.133100e-09
-3.661990e-12
1.591010e-07
3.303260e-27
1.430470e-12
3.887840e-25
0.000000e+00
-5.050740e-11
0.000000e+00
0.000000e+00
1.915270e-10
0.000000e+00
-4.418510e-11
3.767710e-13
-6.595290e-09
-2.357840e-09
-2.288550e-10
-3.519330e-07
2.094280e-10
3.811840e-11
3.052930e-08
0.000000e+00
5.971120e-09
0.000000e+00
0.000000e+00
-4.012810e-13
0.000000e+00
0.000000e+00
-4.806910e-12
0.000000e+00
-7.759670e-11
2.229310e-09
-1.158250e-08
7.870860e-06
2.017470e-07
1.174840e-03
1.223090e-08
3.306450e-08
1.782960e-06
0.000000e+00
-4.973920e-06
0.000000e+00
0.000000e+00
-8.507400e-06
0.000000e+00
0.000000e+00
-4.806910e-12
0.000000e+00
-6.646230e-11
1.260620e-09
-9.920500e-09
2.183330e-05
2.606130e-07
3.258950e-03
8.143700e-09
9.777740e-09
1.187150e-06
0.000000e+00
-7.798320e-06
0.000000e+00
0.000000e+00
-8.348690e-06
0.000000e+00
0.000000e+00
-4.806910e-12
0.000000e+00
-9.196600e-11
1.093900e-12
-1.372730e-08
-2.242610e-09
-6.797180e-11
-3.347300e-07
2.709450e-10
6.115940e-12
3.949700e-08
0.000000e+00
4.176670e-09
0.000000e+00
0.000000e+00
-6.298210e-10
0.000000e+00
0.000000e+00
-4.806910e-12
0.000000e+00
3.925850e-09
-1.894940e-12
5.604060e-07
1.441420e-09
-1.064390e-11
2.027580e-07
2.220680e-11
-6.253950e-13
3.077730e-09
0.000000e+00
1.965550e-10
0.000000e+00
0.000000e+00
6.760160e-11
0.000000e+00
0.000000e+00
-4.805180e-12
0.000000e+00
3.477870e-09
-5.163460e-12
4.964530e-07
1.158390e-09
-5.356150e-12
1.629460e-07
5.457180e-11
-6.637760e-13
7.563320e-09
0.000000e+00
1.422170e-10
0.000000e+00
0.000000e+00
4.435810e-11
0.000000e+00
0.000000e+00
-4.805180e-12
0.000000e+00
-5.759510e-05
-7.288660e-07
-8.220840e-03
2.484420e-05
8.694790e-07
3.494700e-03
-4.896210e-06
-1.698620e-05
-6.785850e-04
0.000000e+00
-1.404240e-02
0.000000e+00
0.000000e+00
1.401920e-02
0.000000e+00
0.000000e+00
8.953270e-05
0.000000e+00
6.035310e-09
-9.647130e-12
8.614970e-07
1.300960e-09
-1.202080e-12
1.830000e-07
2.416450e-11
-4.511100e-13
3.349050e-09
0.000000e+00
1.863940e-10
0.000000e+00
0.000000e+00
6.449400e-11
0.000000e+00
0.000000e+00
-4.805180e-12
0.000000e+00
-1.992420e-09
7.241750e-16
-2.814290e-07
-5.069790e-08
3.219960e-11
-6.970390e-06
-1.457270e-08
-1.821720e-09
-2.012990e-06
0.000000e+00
-6.623450e-10
0.000000e+00
0.000000e+00
1.116720e-08
0.000000e+00
0.000000e+00
7.596810e-10
0.000000e+00
-2.682380e-09
2.501380e-15
-3.788780e-07
7.537510e-08
6.675330e-10
1.068420e-05
-1.092810e-07
-2.280480e-09
-1.509540e-05
0.000000e+00
8.800520e-09
0.000000e+00
0.000000e+00
-9.178660e-08
0.000000e+00
0.000000e+00
-1.253600e-08
0.000000e+00
-2.625680e-09
8.203710e-15
-3.708490e-07
-1.584540e-08
1.949370e-10
-2.162250e-06
-9.002870e-09
-1.695600e-10
-1.243600e-06
0.000000e+00
-3.705950e-10
0.000000e+00
0.000000e+00
1.131680e-08
0.000000e+00
0.000000e+00
1.876160e-09
0.000000e+00
-2.089900e-09
3.204260e-15
-2.951500e-07
-3.197730e-08
9.011150e-11
-4.388780e-06
-1.669610e-08
-4.741880e-10
-2.306300e-06
0.000000e+00
-4.627130e-10
0.000000e+00
0.000000e+00
1.201130e-08
0.000000e+00
0.000000e+00
1.465320e-09
0.000000e+00
-1.021340e-09
2.184370e-15
-1.442710e-07
4.606390e-10
1.785850e-11
6.660570e-08
5.581300e-11
-1.856490e-10
7.709670e-09
0.000000e+00
-3.046680e-10
0.000000e+00
0.000000e+00
8.697420e-10
0.000000e+00
0.000000e+00
-6.596110e-11
0.000000e+00
-1.100070e-09
1.080430e-14
-1.553700e-07
-2.953810e-10
4.370990e-11
-3.866310e-08
1.037110e-10
-1.345190e-10
1.432610e-08
0.000000e+00
-5.781560e-10
0.000000e+00
0.000000e+00
1.539430e-09
0.000000e+00
0.000000e+00
-8.795830e-11
0.000000e+00
-1.238940e-09
1.465010e-14
-1.749470e-07
-7.052530e-07
-3.372230e-08
-9.904210e-05
-4.296760e-08
-2.048350e-07
-5.935290e-06
0.000000e+00
-2.115740e-04
0.000000e+00
0.000000e+00
4.845110e-03
0.000000e+00
0.000000e+00
6.243920e-03
0.000000e+00
-1.770290e-09
1.587420e-14
-2.500540e-07
7.928480e-09
4.501570e-10
1.113730e-06
7.976080e-11
-1.896480e-11
1.101770e-08
0.000000e+00
-4.792270e-10
0.000000e+00
0.000000e+00
8.258060e-10
0.000000e+00
0.000000e+00
-2.545010e-11
0.000000e+00
4.320970e-09
2.506110e-10
7.665220e-07
5.926010e-08
-1.878790e-10
8.185840e-06
0.000000e+00
-6.042530e-11
0.000000e+00
0.000000e+00
-3.817190e-09
0.000000e+00
0.000000e+00
3.623260e-10
0.000000e+00
0.000000e+00
1.535060e-10
0.000000e+00
-1.997350e-07
-2.100670e-09
-2.811580e-05
3.719860e-07
1.595480e-09
5.138400e-05
0.000000e+00
9.727440e-09
0.000000e+00
0.000000e+00
1.115880e-07
0.000000e+00
0.000000e+00
-2.724860e-09
0.000000e+00
0.000000e+00
-2.405740e-09
0.000000e+00
8.826820e-09
2.255270e-09
1.396180e-06
1.776870e-08
-3.261110e-10
2.454470e-06
0.000000e+00
-1.280390e-09
0.000000e+00
0.000000e+00
-7.864410e-09
0.000000e+00
0.000000e+00
9.924030e-11
0.000000e+00
0.000000e+00
3.560170e-10
0.000000e+00
7.932500e-09
1.251930e-09
1.290280e-06
3.668590e-08
-2.665750e-10
5.067570e-06
0.000000e+00
-5.888090e-10
0.000000e+00
0.000000e+00
-5.959520e-09
0.000000e+00
0.000000e+00
2.245680e-10
0.000000e+00
0.000000e+00
2.826330e-10
0.000000e+00
-4.458680e-10
9.333970e-12
-5.754240e-08
7.722430e-10
-4.372690e-11
1.066730e-07
0.000000e+00
-2.723320e-10
0.000000e+00
0.000000e+00
-2.682260e-10
0.000000e+00
0.000000e+00
6.891160e-11
0.000000e+00
0.000000e+00
-1.138240e-11
0.000000e+00
1.032070e-09
1.705720e-10
1.497890e-07
1.107270e-09
-3.525600e-11
1.529520e-07
0.000000e+00
-3.759120e-10
0.000000e+00
0.000000e+00
-5.261350e-10
0.000000e+00
0.000000e+00
1.168680e-10
0.000000e+00
0.000000e+00
-1.437950e-11
0.000000e+00
-4.193330e-06
-7.028530e-07
-5.926220e-04
-5.289860e-09
-7.454550e-07
-7.307100e-07
0.000000e+00
1.555540e-03
0.000000e+00
0.000000e+00
2.299510e-03
0.000000e+00
0.000000e+00
-8.517650e-03
0.000000e+00
0.000000e+00
3.661160e-03
0.000000e+00
-6.049620e-09
-4.716360e-10
-8.429980e-07
4.237010e-11
-1.844710e-11
5.852760e-09
0.000000e+00
-7.072340e-10
0.000000e+00
0.000000e+00
-3.373540e-10
0.000000e+00
0.000000e+00
6.905780e-11
0.000000e+00
0.000000e+00
-4.093350e-12
0.000000e+00
4.622440e-08
-9.343660e-11
6.385160e-06
-1.603600e-11
-4.049120e-12
-2.215120e-09
0.000000e+00
2.206480e-09
0.000000e+00
0.000000e+00
1.465320e-10
0.000000e+00
0.000000e+00
-3.034420e-10
0.000000e+00
0.000000e+00
-9.633100e-13
0.000000e+00
3.136490e-08
-1.248680e-10
4.332560e-06
-3.104020e-07
5.680540e-10
-4.287700e-05
0.000000e+00
-1.822080e-08
0.000000e+00
0.000000e+00
-2.441660e-09
0.000000e+00
0.000000e+00
2.391590e-09
0.000000e+00
0.000000e+00
-9.633100e-13
0.000000e+00
4.585670e-08
-1.050130e-11
6.334360e-06
-6.031920e-11
-1.744700e-10
-8.332130e-09
0.000000e+00
2.252840e-09
0.000000e+00
0.000000e+00
3.641200e-10
0.000000e+00
0.000000e+00
-3.477110e-10
0.000000e+00
0.000000e+00
-9.633100e-13
0.000000e+00
5.131680e-08
-5.307690e-11
7.088600e-06
-3.909750e-11
-3.094740e-11
-5.400700e-09
0.000000e+00
2.384480e-09
0.000000e+00
0.000000e+00
2.840350e-10
0.000000e+00
0.000000e+00
-3.521870e-10
0.000000e+00
0.000000e+00
-9.633100e-13
0.000000e+00
1.706770e-09
-4.590410e-12
2.357630e-07
0.000000e+00
-4.445420e-11
0.000000e+00
0.000000e+00
1.692340e-10
0.000000e+00
0.000000e+00
-1.392340e-11
0.000000e+00
0.000000e+00
-1.698820e-11
0.000000e+00
0.000000e+00
-9.633100e-13
0.000000e+00
1.221670e-09
-6.631980e-12
1.687550e-07
0.000000e+00
-9.017940e-11
0.000000e+00
0.000000e+00
3.008200e-10
0.000000e+00
0.000000e+00
-1.818970e-11
0.000000e+00
0.000000e+00
-3.040760e-11
0.000000e+00
0.000000e+00
-9.633100e-13
0.000000e+00
-6.931210e-09
-3.555560e-08
-9.574360e-07
0.000000e+00
-5.683660e-05
0.000000e+00
0.000000e+00
9.490430e-04
0.000000e+00
0.000000e+00
5.648990e-04
0.000000e+00
0.000000e+00
1.038390e-03
0.000000e+00
0.000000e+00
-9.633410e-13
0.000000e+00
3.749810e-09
-3.443330e-13
5.179760e-07
0.000000e+00
-1.464320e-10
0.000000e+00
0.000000e+00
1.604490e-10
0.000000e+00
0.000000e+00
-6.137960e-12
0.000000e+00
0.000000e+00
-1.526930e-11
0.000000e+00
0.000000e+00
-9.633100e-13
0.000000e+00
4.649990e-310
3.992544e-320
-3.306100e-09
7.299910e-15
-3.986850e-05
-2.957260e-09
-1.370370e-13
-3.550010e-05
2.987300e-05
-4.211610e-13
4.533740e-03
-1.541230e-07
1.432320e-10
-2.389820e-05
3.404240e-08
8.574190e-11
5.031300e-06
0.000000e+00
-2.350050e-10
0.000000e+00
-3.584570e-09
2.571730e-14
-4.322670e-05
-6.426400e-08
-7.595460e-14
-7.747780e-04
3.003360e-04
1.727180e-06
4.674380e-02
3.254020e-04
2.856380e-06
4.922770e-02
-5.856340e-05
-1.750470e-06
-8.655400e-03
0.000000e+00
-1.030970e-07
0.000000e+00
-3.333750e-09
-1.852450e-16
-4.020200e-05
-3.436390e-08
-9.203060e-12
-4.142400e-04
1.211460e-03
1.707640e-06
1.887890e-01
3.998700e-04
5.657850e-07
6.049350e-02
-4.381470e-05
-1.685570e-07
-6.475600e-03
0.000000e+00
-3.612530e-07
0.000000e+00
-3.329810e-09
-1.414390e-14
-4.015450e-05
-3.397990e-09
1.174370e-14
-4.079240e-05
3.380450e-05
-3.159000e-13
5.130470e-03
-6.124930e-09
3.911860e-10
-1.833420e-06
2.694290e-08
1.731340e-10
3.982040e-06
0.000000e+00
-2.475230e-10
0.000000e+00
1.877040e-07
-5.862150e-14
2.745940e-05
1.483890e-07
-1.844920e-12
2.138860e-05
1.776370e-07
-5.779520e-13
2.524330e-05
7.775070e-08
3.064900e-13
1.088690e-05
-1.789010e-12
-1.540220e-12
-2.500900e-10
0.000000e+00
-2.270050e-10
0.000000e+00
2.098100e-07
-3.249750e-14
3.069360e-05
1.031200e-07
-1.483210e-12
1.486320e-05
2.020520e-07
-9.892020e-12
2.871410e-05
1.134020e-07
-4.756310e-13
1.588220e-05
-2.252750e-11
1.332960e-11
-3.149180e-09
0.000000e+00
-2.272340e-10
0.000000e+00
1.254090e-07
-1.217490e-13
4.905430e-01
-1.105980e-03
-9.503730e-07
-1.614780e-01
1.121980e-04
1.897880e-08
1.614880e-02
1.183350e-04
8.312230e-07
1.678730e-02
4.864090e-04
5.288670e-06
6.799630e-02
0.000000e+00
4.186380e-05
0.000000e+00
1.741540e-07
-1.716740e-13
2.547740e-05
1.851840e-07
-7.560350e-12
2.669760e-05
1.540230e-07
-9.859230e-12
2.188520e-05
7.243340e-08
-2.078450e-13
1.014350e-05
-8.221000e-11
5.237760e-12
-1.149230e-08
0.000000e+00
-2.260470e-10
0.000000e+00
4.978380e-10
-1.940970e-14
6.129800e-06
3.032240e-09
-1.901670e-12
3.640570e-05
-2.921140e-05
6.996950e-11
-4.433910e-03
-1.474520e-07
6.403600e-10
-2.186490e-05
0.000000e+00
1.580410e-10
0.000000e+00
0.000000e+00
-3.441540e-09
0.000000e+00
-1.352150e-07
-2.930030e-13
-1.630450e-03
-4.836470e-08
-1.904820e-10
-5.810590e-04
-8.243480e-05
-5.125110e-07
-1.251210e-02
2.830270e-04
6.680400e-06
4.196870e-02
0.000000e+00
-6.342320e-08
0.000000e+00
0.000000e+00
-2.062240e-05
0.000000e+00
-1.454310e-08
0.000000e+00
-1.752440e-04
-1.381140e-08
8.167070e-11
-1.660790e-04
-1.715390e-04
-2.330470e-07
-2.603610e-02
2.055680e-04
1.034290e-06
3.048270e-02
0.000000e+00
-2.006990e-07
0.000000e+00
0.000000e+00
-1.855430e-05
0.000000e+00
8.420740e-10
-1.788570e-13
1.026580e-05
3.471040e-09
-6.978350e-12
4.167380e-05
-3.315590e-05
1.331170e-10
-5.032760e-03
-2.239460e-07
3.591510e-10
-3.320790e-05
0.000000e+00
-1.741770e-10
0.000000e+00
0.000000e+00
-4.431220e-09
0.000000e+00
-8.567210e-08
-2.841850e-12
-1.272370e-05
-5.623640e-08
-1.423800e-12
-8.295010e-06
-1.222070e-07
2.013980e-12
-1.747580e-05
-7.812440e-08
4.405540e-12
-1.094390e-05
0.000000e+00
-1.747840e-10
0.000000e+00
0.000000e+00
1.624340e-10
0.000000e+00
-1.257910e-07
-1.096650e-12
-1.855940e-05
1.365090e-08
-2.465550e-11
1.744880e-06
-1.607570e-07
2.459780e-11
-2.293190e-05
-1.132130e-07
2.260550e-12
-1.585920e-05
0.000000e+00
-1.826920e-10
0.000000e+00
0.000000e+00
1.189520e-10
0.000000e+00
1.912760e-04
2.448580e-07
2.197190e-01
-5.761900e-04
-2.689720e-06
-8.310080e-02
8.701070e-04
5.631870e-06
1.236890e-01
8.645380e-04
1.348340e-05
1.211070e-01
0.000000e+00
-3.819290e-04
0.000000e+00
0.000000e+00
8.912670e-03
0.000000e+00
-1.026740e-07
-6.502280e-12
-1.515490e-05
1.600420e-09
-1.855700e-11
-1.227540e-07
-9.662880e-08
-1.049780e-12
-1.384540e-05
-7.225680e-08
1.317340e-11
-1.012200e-05
0.000000e+00
-1.705250e-10
0.000000e+00
0.000000e+00
1.602010e-10
0.000000e+00
2.641590e-09
-4.461990e-13
3.173490e-05
9.791910e-08
-1.122340e-12
1.461520e-05
-8.648570e-08
3.785700e-10
-1.288550e-05
-1.031630e-24
1.966250e-09
-9.898430e-23
0.000000e+00
3.223000e-08
0.000000e+00
0.000000e+00
-1.829260e-09
0.000000e+00
-1.145690e-07
-4.284600e-10
-1.376390e-03
1.718420e-07
1.346550e-08
2.564890e-05
-8.533970e-05
-2.332500e-06
-1.269640e-02
8.470330e-22
6.856980e-07
0.000000e+00
0.000000e+00
-1.230390e-05
0.000000e+00
0.000000e+00
-1.316150e-05
0.000000e+00
-1.361340e-08
-4.018150e-13
-1.635450e-04
1.479170e-07
-3.636000e-10
2.207760e-05
-1.087360e-04
-7.219660e-07
-1.617730e-02
-8.470330e-22
2.436160e-07
-1.084200e-19
0.000000e+00
-2.477520e-05
0.000000e+00
0.000000e+00
-1.197760e-05
0.000000e+00
2.313700e-09
-1.018930e-12
2.779580e-05
2.029910e-07
5.505560e-13
3.029850e-05
-1.305640e-07
2.062040e-10
-1.944980e-05
-4.316990e-25
6.895650e-10
-1.009530e-22
0.000000e+00
1.709430e-08
0.000000e+00
0.000000e+00
-2.627470e-09
0.000000e+00
3.893600e-08
-3.395490e-13
5.368560e-06
-4.444250e-08
1.414960e-11
-6.425250e-06
-5.340790e-08
1.325770e-10
-7.498330e-06
2.633830e-26
-1.163850e-10
3.554070e-24
0.000000e+00
1.427850e-09
0.000000e+00
0.000000e+00
1.156360e-10
0.000000e+00
4.322080e-08
-4.405250e-13
6.011900e-06
-7.754580e-08
3.540440e-11
-1.112010e-05
-3.864610e-08
6.976670e-11
-5.427990e-06
2.310710e-26
-6.788480e-11
2.933680e-24
0.000000e+00
8.700460e-10
0.000000e+00
0.000000e+00
8.235970e-11
0.000000e+00
1.215320e-04
5.726760e-07
1.756300e-02
-1.525690e-04
-2.421700e-06
-2.173270e-02
3.164110e-04
6.061350e-06
4.441580e-02
-4.559160e-20
7.596520e-05
-2.965990e-18
0.000000e+00
-7.623980e-02
0.000000e+00
0.000000e+00
7.136530e-02
0.000000e+00
1.529540e-07
-2.105570e-12
2.169800e-05
-1.421370e-07
6.030170e-11
-2.033530e-05
-5.682020e-08
1.591670e-11
-7.977440e-06
-3.231170e-27
-1.195800e-10
-4.135900e-25
0.000000e+00
1.433160e-09
0.000000e+00
0.000000e+00
1.140390e-10
0.000000e+00
1.420120e-09
5.225280e-14
2.119740e-07
-7.005150e-08
1.178530e-09
-1.045660e-05
-6.151250e-09
3.546820e-10
-8.966990e-07
0.000000e+00
-1.966840e-09
0.000000e+00
0.000000e+00
-4.028510e-09
0.000000e+00
0.000000e+00
1.544960e-10
0.000000e+00
2.493980e-09
-2.582360e-09
3.722640e-07
2.011130e-04
5.162860e-06
3.001910e-02
-3.053180e-09
-1.710470e-09
-4.450780e-07
0.000000e+00
-1.281350e-05
0.000000e+00
0.000000e+00
-7.756780e-06
0.000000e+00
0.000000e+00
1.544960e-10
0.000000e+00
2.136120e-09
-1.781920e-09
3.188480e-07
1.558200e-04
1.862100e-06
2.325850e-02
-8.502380e-09
-5.919770e-09
-1.239440e-06
0.000000e+00
-1.166670e-05
0.000000e+00
0.000000e+00
-6.061250e-06
0.000000e+00
0.000000e+00
1.544960e-10
0.000000e+00
2.955820e-09
-4.564710e-13
4.412000e-07
-1.613220e-07
3.362830e-10
-2.408010e-05
-8.455310e-09
4.835090e-11
-1.232570e-06
0.000000e+00
-2.604520e-09
0.000000e+00
0.000000e+00
-2.624180e-09
0.000000e+00
0.000000e+00
1.544960e-10
0.000000e+00
-1.410460e-07
6.321140e-12
-2.013380e-05
-5.193410e-08
6.172580e-11
-7.305300e-06
-7.161910e-10
6.885360e-12
-9.925970e-08
0.000000e+00
2.109390e-10
0.000000e+00
0.000000e+00
3.937300e-12
0.000000e+00
0.000000e+00
1.544400e-10
0.000000e+00
-1.272210e-07
1.737810e-11
-1.816010e-05
-4.083370e-08
3.231900e-11
-5.743910e-06
-1.756920e-09
1.082180e-11
-2.434980e-07
0.000000e+00
1.807600e-10
0.000000e+00
0.000000e+00
3.859740e-11
0.000000e+00
0.000000e+00
1.544400e-10
0.000000e+00
4.400550e-05
5.582540e-07
6.281130e-03
2.376620e-05
8.335840e-07
3.343060e-03
7.233540e-06
2.510170e-05
1.002520e-03
0.000000e+00
5.589800e-03
0.000000e+00
0.000000e+00
-5.234150e-02
0.000000e+00
0.000000e+00
6.535420e-02
0.000000e+00
-2.210680e-07
3.383370e-11
-3.155560e-05
-4.843810e-08
6.299630e-12
-6.813540e-06
-7.786490e-10
5.706100e-12
-1.079160e-07
0.000000e+00
2.114240e-10
0.000000e+00
0.000000e+00
1.154320e-11
0.000000e+00
0.000000e+00
1.544400e-10
0.000000e+00
6.403700e-08
-2.327520e-14
9.045210e-06
1.960030e-06
-2.773740e-10
2.704560e-04
-3.161340e-08
6.407020e-09
-4.366880e-06
0.000000e+00
5.490910e-09
0.000000e+00
0.000000e+00
2.049790e-09
0.000000e+00
0.000000e+00
-3.388540e-09
0.000000e+00
8.621260e-08
-8.039520e-14
1.217730e-05
1.158500e-06
-1.213880e-09
1.595160e-04
2.742650e-07
8.357900e-09
3.788540e-05
0.000000e+00
-2.833330e-08
0.000000e+00
0.000000e+00
-3.804670e-08
0.000000e+00
0.000000e+00
2.806810e-08
0.000000e+00
8.439020e-08
-2.636700e-13
1.191920e-05
7.029320e-07
-2.918200e-09
9.669130e-05
-1.305900e-07
5.963120e-10
-1.803890e-05
0.000000e+00
1.759090e-09
0.000000e+00
0.000000e+00
6.214680e-09
0.000000e+00
0.000000e+00
-4.146310e-09
0.000000e+00
6.717000e-08
-1.029860e-13
9.486210e-06
1.259250e-06
-1.171860e-09
1.735660e-04
-7.479080e-08
1.657920e-09
-1.033120e-05
0.000000e+00
2.825430e-09
0.000000e+00
0.000000e+00
4.663510e-09
0.000000e+00
0.000000e+00
-4.083100e-09
0.000000e+00
3.282630e-08
-7.020650e-14
4.636910e-06
1.917390e-08
-7.481850e-11
2.631120e-06
-2.044730e-09
6.054690e-10
-2.824470e-07
0.000000e+00
2.041630e-09
0.000000e+00
0.000000e+00
-4.017820e-10
0.000000e+00
0.000000e+00
-1.977340e-10
0.000000e+00
3.535640e-08
-3.472530e-13
4.993650e-06
3.116670e-08
-2.497900e-10
4.286300e-06
-3.912450e-09
4.767450e-10
-5.404430e-07
0.000000e+00
3.424690e-09
0.000000e+00
0.000000e+00
-5.565190e-10
0.000000e+00
0.000000e+00
-3.305610e-10
0.000000e+00
3.981990e-08
-4.708590e-13
5.622840e-06
-2.377650e-07
-1.132220e-08
-3.340060e-05
-3.864690e-08
-1.733130e-07
-5.338460e-06
0.000000e+00
-2.728470e-04
0.000000e+00
0.000000e+00
-4.681090e-03
0.000000e+00
0.000000e+00
-2.505680e-02
0.000000e+00
5.689760e-08
-5.102010e-13
8.036810e-06
-2.977470e-08
-1.650070e-09
-4.190730e-06
-2.682000e-09
2.007480e-11
-3.704760e-07
0.000000e+00
2.003290e-09
0.000000e+00
0.000000e+00
-2.625610e-10
0.000000e+00
0.000000e+00
-1.904240e-10
0.000000e+00
1.281150e-06
-1.120390e-09
1.760510e-04
-1.991450e-06
1.520220e-09
-2.750870e-04
0.000000e+00
1.489100e-09
0.000000e+00
0.000000e+00
3.163870e-08
0.000000e+00
0.000000e+00
-6.046580e-11
0.000000e+00
0.000000e+00
-5.816700e-10
0.000000e+00
1.579400e-06
6.655650e-09
2.196080e-04
-1.121200e-05
-2.858740e-09
-1.548760e-03
0.000000e+00
-4.324820e-08
0.000000e+00
0.000000e+00
-3.743820e-07
0.000000e+00
0.000000e+00
-3.898160e-09
0.000000e+00
0.000000e+00
5.044040e-09
0.000000e+00
1.141580e-06
-1.188570e-08
1.565550e-04
-6.829560e-07
1.636770e-09
-9.433940e-05
0.000000e+00
4.860260e-09
0.000000e+00
0.000000e+00
4.258810e-08
0.000000e+00
0.000000e+00
5.941410e-10
0.000000e+00
0.000000e+00
-7.120100e-10
0.000000e+00
1.360390e-06
-6.008130e-09
1.868200e-04
-1.263510e-06
1.616020e-09
-1.745340e-04
0.000000e+00
2.645600e-09
0.000000e+00
0.000000e+00
4.022290e-08
0.000000e+00
0.000000e+00
3.181840e-10
0.000000e+00
0.000000e+00
-7.031640e-10
0.000000e+00
2.272910e-08
-6.048740e-11
3.036400e-06
-2.486840e-08
2.023880e-10
-3.435180e-06
0.000000e+00
1.796280e-09
0.000000e+00
0.000000e+00
1.100590e-09
0.000000e+00
0.000000e+00
-6.343700e-11
0.000000e+00
0.000000e+00
-7.640990e-12
0.000000e+00
1.748160e-09
-8.037880e-10
1.207350e-07
-3.564980e-08
1.599440e-10
-4.924450e-06
0.000000e+00
2.826260e-09
0.000000e+00
0.000000e+00
2.178150e-09
0.000000e+00
0.000000e+00
-1.100000e-10
0.000000e+00
0.000000e+00
-3.196300e-11
0.000000e+00
-3.885350e-06
-6.556060e-07
-5.492940e-04
-1.208740e-08
-1.382820e-06
-1.669680e-06
0.000000e+00
-1.389350e-03
0.000000e+00
0.000000e+00
1.351110e-02
0.000000e+00
0.000000e+00
4.064280e-02
0.000000e+00
0.000000e+00
-3.522630e-02
0.000000e+00
7.105540e-08
3.075170e-10
9.657180e-06
-1.365780e-09
5.902470e-11
-1.886610e-07
0.000000e+00
1.863700e-09
0.000000e+00
0.000000e+00
1.128440e-09
0.000000e+00
0.000000e+00
-3.764490e-11
0.000000e+00
0.000000e+00
-6.084630e-12
0.000000e+00
-1.546120e-06
3.288010e-10
-2.135720e-04
1.401050e-10
3.374970e-11
1.935320e-08
0.000000e+00
4.457820e-10
0.000000e+00
0.000000e+00
-6.191840e-10
0.000000e+00
0.000000e+00
-1.153940e-10
0.000000e+00
0.000000e+00
3.096110e-11
0.000000e+00
-1.173680e-06
4.577270e-10
-1.621260e-04
9.995770e-06
-1.825520e-09
1.380760e-03
0.000000e+00
-7.511620e-09
0.000000e+00
0.000000e+00
5.504030e-09
0.000000e+00
0.000000e+00
1.264440e-09
0.000000e+00
0.000000e+00
3.096110e-11
0.000000e+00
-1.489840e-06
3.701070e-11
-2.057980e-04
2.962150e-10
8.501610e-10
4.091740e-08
0.000000e+00
1.278460e-09
0.000000e+00
0.000000e+00
-7.674760e-10
0.000000e+00
0.000000e+00
-1.548580e-10
0.000000e+00
0.000000e+00
3.096110e-11
0.000000e+00
-1.688830e-06
1.857740e-10
-2.332850e-04
2.467450e-10
1.920390e-10
3.408380e-08
0.000000e+00
9.668860e-10
0.000000e+00
0.000000e+00
-7.549490e-10
0.000000e+00
0.000000e+00
-1.494090e-10
0.000000e+00
0.000000e+00
3.096110e-11
0.000000e+00
-5.488010e-08
1.562640e-11
-7.580810e-06
0.000000e+00
3.102570e-10
0.000000e+00
0.000000e+00
-3.829000e-11
0.000000e+00
0.000000e+00
1.836010e-12
0.000000e+00
0.000000e+00
2.415010e-11
0.000000e+00
0.000000e+00
3.096110e-11
0.000000e+00
-3.929150e-08
2.439540e-11
-5.427490e-06
0.000000e+00
5.466760e-10
0.000000e+00
0.000000e+00
-6.872440e-11
0.000000e+00
0.000000e+00
-2.382000e-11
0.000000e+00
0.000000e+00
1.872910e-11
0.000000e+00
0.000000e+00
3.096110e-11
0.000000e+00
-6.726320e-08
-3.008060e-08
-9.291340e-06
0.000000e+00
-7.329660e-05
0.000000e+00
0.000000e+00
-9.169150e-04
0.000000e+00
0.000000e+00
2.534230e-03
0.000000e+00
0.000000e+00
-2.492690e-02
0.000000e+00
0.000000e+00
3.096080e-11
0.000000e+00
-1.205330e-07
7.184990e-13
-1.664970e-05
0.000000e+00
6.388200e-10
0.000000e+00
0.000000e+00
-1.095470e-11
0.000000e+00
0.000000e+00
3.219440e-12
0.000000e+00
0.000000e+00
2.417770e-11
0.000000e+00
0.000000e+00
3.096110e-11
0.000000e+00
4.649990e-310
3.992544e-320
4.342860e-12
9.141420e-04
-6.815760e-28
-9.476340e-13
4.468240e-04
5.079160e-17
1.645400e-10
-3.713750e-01
6.895200e-09
2.309480e-11
-1.361800e-01
-6.852400e-09
5.546370e-11
1.423170e-01
-1.548480e-22
0.000000e+00
2.586660e-01
0.000000e+00
-9.747070e-10
1.305810e+01
-7.444630e-25
-8.400780e-10
1.140690e+01
4.212110e-14
-1.704130e-06
9.686170e+03
3.226970e-04
-6.709200e-07
3.093020e+03
1.246580e-05
-4.090130e-06
2.260780e+03
-3.903130e-19
0.000000e+00
7.967140e+02
0.000000e+00
-3.426510e-10
3.135950e+00
-3.722310e-25
4.097400e-08
3.865080e+00
-1.751850e-14
-1.557320e-06
1.049830e+04
3.451440e-04
-6.804210e-07
4.894560e+03
3.178710e-05
-3.884070e-06
1.557060e+03
3.903130e-19
0.000000e+00
6.880440e+02
0.000000e+00
-1.226310e-13
1.088890e-03
-9.087680e-29
2.065150e-14
-2.567600e-04
2.010180e-17
3.582320e-10
-2.904620e-01
6.925180e-09
3.932670e-11
-2.394850e-01
-3.805650e-09
-1.520320e-10
1.779740e-01
-9.529120e-23
0.000000e+00
1.918830e-01
0.000000e+00
-1.075240e-13
2.637320e-03
-6.460640e-12
4.732830e-13
-2.929750e-03
1.276030e-10
1.944300e-12
-1.064970e-02
1.438570e-10
5.640130e-13
-1.475440e-03
7.969690e-11
1.676700e-11
6.553770e-04
3.722310e-25
0.000000e+00
6.806840e-03
0.000000e+00
-3.696320e-13
4.226530e-03
-1.955010e-11
1.715290e-12
-1.029810e-03
1.198950e-10
2.954240e-12
-9.028790e-03
2.100770e-10
3.981750e-12
-3.309920e-03
1.080120e-10
1.309070e-11
1.153840e-03
2.605620e-24
0.000000e+00
5.405710e-03
0.000000e+00
3.751470e-07
-2.822600e+03
4.760820e-03
1.065760e-07
-8.670980e+02
6.674610e-05
3.387720e-06
-2.087840e+04
1.930000e-04
8.191920e-06
-6.162760e+04
5.315560e-04
1.841530e-04
2.393750e+04
0.000000e+00
0.000000e+00
-1.616050e+05
0.000000e+00
6.641410e-13
-5.770120e-06
5.498380e-12
2.257140e-12
-2.257520e-03
2.211090e-10
1.414730e-12
-7.904580e-03
2.062430e-10
2.779770e-12
-3.359620e-03
6.807320e-11
1.396260e-11
1.759720e-03
-1.861160e-24
0.000000e+00
6.418870e-03
0.000000e+00
6.225910e-13
7.862020e-04
1.925890e-17
8.777200e-11
3.450340e-04
2.596310e-17
-1.524160e-10
2.291060e-01
2.655330e-09
9.732830e-10
-1.145620e-01
1.000560e-21
0.000000e+00
1.813620e-01
0.000000e+00
0.000000e+00
2.593460e-01
0.000000e+00
-1.733990e-09
1.317970e+01
-1.394030e-14
8.670830e-07
1.152380e+01
2.152330e-13
-2.370480e-06
9.364710e+03
1.403590e-04
-3.348430e-06
3.080750e+03
-1.951560e-17
0.000000e+00
1.285270e+03
0.000000e+00
0.000000e+00
7.986830e+02
0.000000e+00
-2.189440e-10
3.155300e+00
3.855000e-14
7.920670e-08
3.876510e+00
-1.523500e-14
-1.760270e-06
1.027660e+04
1.471670e-04
-5.725120e-06
4.859480e+03
1.561250e-18
0.000000e+00
1.211980e+03
0.000000e+00
0.000000e+00
6.897070e+02
0.000000e+00
-2.174170e-13
9.716940e-04
1.204900e-17
-4.766650e-11
-3.844240e-04
-1.865080e-17
-3.555180e-10
3.110640e-01
2.563620e-09
5.829120e-10
-2.291320e-01
4.764560e-21
0.000000e+00
1.444530e-01
0.000000e+00
0.000000e+00
1.923800e-01
0.000000e+00
-7.075150e-13
5.081080e-03
2.958130e-10
3.961680e-13
-6.859780e-04
3.555360e-10
1.080840e-12
-8.022850e-03
1.594760e-10
7.820370e-12
1.161340e-03
3.075560e-22
0.000000e+00
3.565350e-03
0.000000e+00
0.000000e+00
6.823050e-03
0.000000e+00
-7.062330e-13
6.648140e-03
2.348730e-10
1.793670e-12
1.185520e-03
4.002700e-10
-9.130760e-13
-6.420540e-03
1.086760e-10
2.235340e-12
-6.555480e-04
-8.961470e-22
0.000000e+00
3.162780e-03
0.000000e+00
0.000000e+00
5.418130e-03
0.000000e+00
4.527810e-07
-2.926440e+03
5.106210e-03
1.315230e-07
-8.209450e+02
6.292090e-05
3.222880e-06
-2.088070e+04
7.203140e-05
-2.312110e-04
-6.579830e+04
-2.248200e-16
0.000000e+00
7.450040e+04
0.000000e+00
0.000000e+00
-1.620180e+05
0.000000e+00
-7.415780e-13
2.368580e-03
2.923280e-10
-1.167940e-12
-1.203810e-04
5.542560e-10
1.588050e-12
-5.398000e-03
1.750130e-10
1.247040e-11
-7.105300e-04
5.724920e-22
0.000000e+00
3.356780e-03
0.000000e+00
0.000000e+00
6.433650e-03
0.000000e+00
-1.940930e-11
6.757990e-04
-1.481770e-17
3.555070e-11
-1.214500e-01
1.204200e-09
-3.744520e-10
2.319810e-01
8.527310e-10
4.147650e-11
7.451360e-02
3.490700e-24
0.000000e+00
1.813580e-01
0.000000e+00
0.000000e+00
2.588190e-01
0.000000e+00
3.010710e-07
1.332530e+01
-2.009160e-14
-1.250510e-06
1.396820e+03
-2.395800e-05
-1.157600e-05
9.122460e+03
2.145620e-05
7.646090e-07
1.771480e+03
1.627110e-19
0.000000e+00
1.282840e+03
0.000000e+00
0.000000e+00
8.005300e+02
0.000000e+00
3.759520e-07
3.210020e+00
1.148900e-13
-5.137380e-07
2.190960e+03
-2.948500e-05
-9.704810e-06
1.003090e+04
3.521930e-05
7.457990e-07
1.953460e+03
-2.188540e-20
0.000000e+00
1.210820e+03
0.000000e+00
0.000000e+00
6.917900e+02
0.000000e+00
-5.681500e-11
8.690850e-04
-3.217100e-17
9.934980e-11
-1.486690e-01
1.582490e-09
-3.317070e-10
3.219340e-01
1.687850e-09
4.696260e-11
8.990710e-02
-6.466670e-24
0.000000e+00
1.440150e-01
0.000000e+00
0.000000e+00
1.920280e-01
0.000000e+00
3.861480e-13
6.801010e-03
3.130220e-10
6.189550e-12
2.257430e-03
1.448920e-10
1.041570e-11
-6.074330e-03
6.380520e-13
1.380990e-12
3.360450e-03
-2.237320e-25
0.000000e+00
3.592190e-03
0.000000e+00
0.000000e+00
6.801790e-03
0.000000e+00
2.002190e-12
8.356130e-03
3.434860e-10
-7.061030e-13
4.340240e-03
1.137840e-10
1.292550e-11
-4.365380e-03
9.673680e-12
1.474790e-12
2.877900e-03
5.659430e-27
0.000000e+00
3.188730e-03
0.000000e+00
0.000000e+00
5.402630e-03
0.000000e+00
6.014130e-07
-3.008050e+03
-6.678020e-06
-1.362760e-07
-6.864510e+02
2.491950e-05
-1.244710e-05
-2.072540e+04
1.289960e-05
-3.415790e-05
-1.062830e+05
-8.170660e-18
0.000000e+00
7.816400e+04
0.000000e+00
0.000000e+00
-1.587760e+05
0.000000e+00
6.159430e-12
3.795200e-03
5.052450e-10
-2.040180e-12
2.889350e-03
1.317230e-10
7.786780e-12
-3.394340e-03
3.474730e-12
8.933240e-13
2.483310e-03
-5.058870e-26
0.000000e+00
3.377280e-03
0.000000e+00
0.000000e+00
6.413250e-03
0.000000e+00
2.129170e-11
-1.905450e-02
3.116930e-10
3.464630e-11
-1.218910e-01
-6.237890e-11
1.042680e-10
1.946490e-01
6.432160e-22
0.000000e+00
7.803070e-02
0.000000e+00
0.000000e+00
1.805700e-01
0.000000e+00
0.000000e+00
2.573210e-01
0.000000e+00
-3.465280e-07
3.152480e+02
-5.180600e-06
-1.582130e-07
1.370010e+03
-3.294550e-07
2.600510e-06
5.929680e+03
0.000000e+00
0.000000e+00
1.771200e+03
0.000000e+00
0.000000e+00
1.275970e+03
0.000000e+00
0.000000e+00
8.025270e+02
0.000000e+00
-4.301990e-07
4.403890e+02
-6.911340e-06
-3.679440e-07
2.159790e+03
-4.773130e-07
1.273540e-07
6.449460e+03
-3.122500e-18
0.000000e+00
1.948420e+03
0.000000e+00
0.000000e+00
1.206180e+03
0.000000e+00
0.000000e+00
6.944710e+02
0.000000e+00
6.167630e-11
-3.780240e-02
7.119340e-10
3.132770e-11
-1.474570e-01
-9.730040e-11
1.125690e-11
2.593680e-01
-1.905820e-22
0.000000e+00
9.216130e-02
0.000000e+00
0.000000e+00
1.433110e-01
0.000000e+00
0.000000e+00
1.910030e-01
0.000000e+00
-4.412880e-12
1.130520e-02
2.650030e-11
-1.074520e-11
4.701700e-03
4.270380e-13
-4.527290e-12
-3.326360e-03
6.327930e-24
0.000000e+00
3.409630e-03
0.000000e+00
0.000000e+00
3.633730e-03
0.000000e+00
0.000000e+00
6.750430e-03
0.000000e+00
-7.377620e-12
1.270810e-02
1.989380e-11
-7.911580e-12
6.761780e-03
1.205300e-12
-7.708690e-12
-2.612380e-03
4.620320e-23
0.000000e+00
2.916450e-03
0.000000e+00
0.000000e+00
3.213080e-03
0.000000e+00
0.000000e+00
5.364480e-03
0.000000e+00
7.293110e-07
-3.009810e+03
-5.491760e-06
-6.965660e-07
-6.604880e+02
2.069370e-06
-3.591200e-05
-2.209180e+04
1.561250e-18
0.000000e+00
-1.094680e+05
0.000000e+00
0.000000e+00
7.926950e+04
0.000000e+00
0.000000e+00
-1.541110e+05
0.000000e+00
-9.564410e-12
8.319310e-03
1.572300e-11
-2.578780e-12
5.272650e-03
4.217640e-13
-3.382890e-12
-1.467770e-03
-9.739810e-24
0.000000e+00
2.546050e-03
0.000000e+00
0.000000e+00
3.410820e-03
0.000000e+00
0.000000e+00
6.364580e-03
0.000000e+00
-1.043620e-10
7.335130e-01
-1.233760e-08
6.873370e-10
-1.854900e-01
1.275200e-08
1.389090e-09
-5.044420e-01
-2.858740e-22
0.000000e+00
-2.466630e-02
0.000000e+00
0.000000e+00
1.554660e-01
0.000000e+00
0.000000e+00
1.087190e-01
0.000000e+00
4.887070e-10
-3.270040e+00
5.024610e-08
-3.563210e-10
3.748600e+00
7.288190e-09
6.747330e-09
-4.196030e+00
-7.623300e-22
0.000000e+00
8.124520e-01
0.000000e+00
0.000000e+00
-1.042860e+00
0.000000e+00
0.000000e+00
-8.831230e-01
0.000000e+00
-8.967560e-11
8.263880e-01
-1.337480e-08
1.311270e-10
-7.617610e-02
9.376020e-09
6.290630e-10
-3.508570e-01
-9.052660e-22
0.000000e+00
-5.040360e-02
0.000000e+00
0.000000e+00
1.519820e-01
0.000000e+00
0.000000e+00
1.297610e-01
0.000000e+00
-1.167090e-10
8.788840e-01
-1.443440e-08
2.388720e-10
-1.588640e-01
1.091780e-08
1.326870e-09
-6.225060e-01
-4.764560e-22
0.000000e+00
-3.830190e-02
0.000000e+00
0.000000e+00
1.653050e-01
0.000000e+00
0.000000e+00
1.292250e-01
0.000000e+00
6.687920e-12
-2.773430e-02
5.075210e-10
6.436100e-12
3.079070e-02
4.716630e-10
-1.033890e-11
-7.955360e-04
-3.647870e-23
0.000000e+00
-2.855180e-03
0.000000e+00
0.000000e+00
1.107280e-02
0.000000e+00
0.000000e+00
5.226100e-03
0.000000e+00
1.591600e-11
4.107570e-03
6.619000e-11
6.029960e-11
6.782090e-03
6.496230e-10
-1.624880e-11
8.224990e-04
1.042250e-23
0.000000e+00
-5.886420e-03
0.000000e+00
0.000000e+00
1.942080e-02
0.000000e+00
0.000000e+00
9.762360e-03
0.000000e+00
-1.375930e-07
4.024750e+02
-1.022510e-05
8.267780e-06
2.923640e+03
-1.338560e-06
7.603470e-05
6.538350e+04
1.088990e-18
0.000000e+00
6.011790e+04
0.000000e+00
0.000000e+00
2.332700e+04
0.000000e+00
0.000000e+00
8.558250e+04
0.000000e+00
1.763600e-11
-1.521920e-01
2.343800e-09
-2.666040e-10
3.218000e-01
7.496520e-11
-1.469600e-11
6.494540e-04
-2.531170e-23
0.000000e+00
-6.704860e-03
0.000000e+00
0.000000e+00
9.018870e-03
0.000000e+00
0.000000e+00
4.834550e-03
0.000000e+00
-1.933160e-10
9.653920e-01
2.313410e-08
-1.275980e-09
8.199460e-01
5.755590e-20
0.000000e+00
-2.310130e-01
0.000000e+00
0.000000e+00
-2.856110e-02
0.000000e+00
0.000000e+00
1.506100e-01
0.000000e+00
0.000000e+00
1.075660e-01
0.000000e+00
1.449230e-09
-4.171630e+00
-1.556860e-08
-2.129110e-08
5.580730e+00
4.269050e-20
0.000000e+00
-2.373940e+00
0.000000e+00
0.000000e+00
8.659570e-01
0.000000e+00
0.000000e+00
-1.004960e+00
0.000000e+00
0.000000e+00
-8.726960e-01
0.000000e+00
-1.176880e-10
1.033750e+00
2.075120e-08
-8.466260e-10
5.133450e-01
3.811650e-21
0.000000e+00
-7.680890e-02
0.000000e+00
0.000000e+00
-5.597430e-02
0.000000e+00
0.000000e+00
1.468590e-01
0.000000e+00
0.000000e+00
1.282250e-01
0.000000e+00
-1.877730e-10
1.158010e+00
2.467190e-08
-9.344830e-10
7.266680e-01
1.372190e-20
0.000000e+00
-1.960760e-01
0.000000e+00
0.000000e+00
-4.342550e-02
0.000000e+00
0.000000e+00
1.599420e-01
0.000000e+00
0.000000e+00
1.277620e-01
0.000000e+00
1.072290e-10
-1.712610e-02
1.683140e-09
-1.094320e-10
3.656800e-02
8.099750e-22
0.000000e+00
-5.030580e-04
0.000000e+00
0.000000e+00
-2.946970e-03
0.000000e+00
0.000000e+00
1.074380e-02
0.000000e+00
0.000000e+00
5.186070e-03
0.000000e+00
4.111190e-11
2.861350e-02
1.248280e-09
-1.632250e-10
3.960450e-02
-1.345990e-21
0.000000e+00
1.008030e-03
0.000000e+00
0.000000e+00
-6.050520e-03
0.000000e+00
0.000000e+00
1.883590e-02
0.000000e+00
0.000000e+00
9.682960e-03
0.000000e+00
2.282130e-07
2.913850e+02
-4.863300e-07
9.772640e-06
1.401400e+04
-9.992240e-19
0.000000e+00
6.875370e+04
0.000000e+00
0.000000e+00
6.190240e+04
0.000000e+00
0.000000e+00
1.526890e+04
0.000000e+00
0.000000e+00
8.433970e+04
0.000000e+00
1.516140e-10
-1.861900e-01
2.693450e-09
3.958650e-11
7.358890e-02
6.923500e-23
0.000000e+00
2.780420e-04
0.000000e+00
0.000000e+00
-6.732830e-03
0.000000e+00
0.000000e+00
8.724280e-03
0.000000e+00
0.000000e+00
4.791470e-03
0.000000e+00
-8.866240e-10
1.759390e+00
-4.573980e-21
-9.255050e-10
6.103770e-01
1.509410e-19
0.000000e+00
-2.146470e-01
0.000000e+00
0.000000e+00
-2.801210e-02
0.000000e+00
0.000000e+00
1.460070e-01
0.000000e+00
0.000000e+00
1.064510e-01
0.000000e+00
6.464610e-10
-1.896360e+00
2.286990e-21
2.575960e-08
-5.442580e+00
4.313030e-09
0.000000e+00
-2.374340e+00
0.000000e+00
0.000000e+00
8.038750e-01
0.000000e+00
0.000000e+00
-9.693570e-01
0.000000e+00
0.000000e+00
-8.617010e-01
0.000000e+00
-8.308500e-10
1.835750e+00
-1.372190e-20
-2.210900e-10
3.794360e-01
2.934970e-20
0.000000e+00
-6.748520e-02
0.000000e+00
0.000000e+00
-5.286300e-02
0.000000e+00
0.000000e+00
1.422510e-01
0.000000e+00
0.000000e+00
1.266060e-01
0.000000e+00
-9.425330e-10
1.960860e+00
8.004460e-21
-6.425800e-10
5.242510e-01
2.805370e-19
0.000000e+00
-1.811750e-01
0.000000e+00
0.000000e+00
-4.177070e-02
0.000000e+00
0.000000e+00
1.550090e-01
0.000000e+00
0.000000e+00
1.262700e-01
0.000000e+00
-1.771970e-10
1.077300e-01
1.167320e-21
0.000000e+00
3.384410e-02
0.000000e+00
0.000000e+00
1.039400e-04
0.000000e+00
0.000000e+00
-2.784410e-03
0.000000e+00
0.000000e+00
1.039480e-02
0.000000e+00
0.000000e+00
5.161260e-03
0.000000e+00
-1.201540e-10
9.556470e-02
4.526330e-22
0.000000e+00
3.602930e-02
0.000000e+00
0.000000e+00
1.801640e-03
0.000000e+00
0.000000e+00
-5.711570e-03
0.000000e+00
0.000000e+00
1.822070e-02
0.000000e+00
0.000000e+00
9.627340e-03
0.000000e+00
8.027960e-07
6.793170e+02
4.878910e-20
0.000000e+00
1.440530e+04
0.000000e+00
0.000000e+00
6.901030e+04
0.000000e+00
0.000000e+00
6.176140e+04
0.000000e+00
0.000000e+00
1.708430e+04
0.000000e+00
0.000000e+00
8.257740e+04
0.000000e+00
-2.493230e-10
2.240120e-01
-4.764560e-22
0.000000e+00
7.011560e-02
0.000000e+00
0.000000e+00
1.139430e-03
0.000000e+00
0.000000e+00
-6.445060e-03
0.000000e+00
0.000000e+00
8.405460e-03
